2472
13297
1057
4832
2361
10711
5792
11076
17118
663
10714
142
8553
6459
13770
10864
13240
16769
15482
8422
15076
3010
17003
74
9762
2084
4219
4500
6605
15684
6786
11058
4395
15779
17169
6804
11873
4040
5069
3824
14002
6894
11537
2457
14082
7544
9875
5412
3151
15880
6297
5093
14339
952
1727
12887
12734
13101
6296
1482
13957
11726
622
8785
14652
12212
13061
772
13109
4433
15558
10431
12175
15888
11251
15325
14424
7513
11307
8065
6756
14212
14503
9322
16495
9699
2600
10009
11713
3260
10268
16566
2095
15909
9105
8253
3198
1746
8746
4384
10333
11066
12378
13658
16147
4664
6883
13646
12897
10287
11815
6030
15008
11612
5105
15383
8298
13232
11499
8394
5603
577
760
4109
6303
1748
2107
14884
7700
9160
7715
489
51
15090
5753
14765
610
8595
16206
11646
7420
9221
1013
9352
15478
3675
4435
6111
3822
11432
3375
2667
2795
2285
2332
16313
1334
6664
5265
48
3269
15029
5689
14151
6204
10371
1933
8339
4685
14156
10288
11143
15043
9335
159
6023
3472
1819
4022
11857
13009
11554
2466
10299
11083
13386
16565
499
60
12327
1870
13306
10824
7180
13803
11875
1328
9415
16622
3993
8492
11967
5852
6919
10252
7406
3435
7394
9085
11364
11809
17296
2071
7944
10450
8317
16236
1303
12692
5747
17076
8226
11003
16228
5361
10647
8542
183
15003
9364
5750
12503
8431
11263
7218
3959
3595
12455
9111
7072
7948
3740
4857
10143
11949
275
3132
2517
6889
9975
8488
9521
7028
2663
9254
5057
578
127
15236
6476
15189
1889
10016
13696
4861
8122
16001
1195
4247
13984
15181
7279
2618
6753
11558
5440
9751
15696
13479
15553
12558
2193
15983
4696
14554
3081
15921
15467
295
14256
4798
8175
11667
2549
7723
10673
8656
5023
2509
7143
11616
7902
12662
9154
16059
5503
9991
15230
13827
9707
4919
4392
5010
8840
335
8179
13079
13606
4655
10012
3750
2365
7801
292
14928
14511
10421
16163
1143
5433
12898
15804
16214
763
13672
13388
15567
1624
8373
3214
9311
15255
15713
9390
16540
7353
1540
11793
5685
14112
10199
13546
12
9597
7887
8634
9375
12318
10134
8222
14777
12093
7025
10863
12865
7958
16969
3974
787
14321
10434
2585
4434
13930
12037
10101
624
6877
14553
7119
212
2476
7294
6784
10502
7442
3382
2384
12781
9251
7569
11570
15971
6918
10644
14700
12732
14633
261
10757
9204
4683
3701
5521
4036
15754
12775
7811
9807
2778
14963
17262
8275
1658
9892
12658
6455
7184
8439
13607
6596
15203
6088
11386
2917
2253
4191
1992
989
5523
156
6553
13624
7746
11797
1103
8835
16539
6274
16132
3899
6761
12290
5822
9865
11258
3895
15720
3943
10032
17321
8888
3505
221
11931
11453
4507
10323
12547
15002
5438
1194
1187
201
12011
14787
5460
548
3990
11053
15770
2055
4957
9620
11632
154
14222
11678
10236
2569
5179
15014
3856
16434
10972
10108
379
16
10027
1543
5291
12800
4436
15630
6556
9977
10798
6599
10576
10952
15397
11997
16164
8
16523
13040
14924
15855
16000
14518
4623
3460
974
2031
12720
6107
11289
5816
13569
15266
5283
5617
11101
2087
5875
3813
10476
11883
11767
9691
8584
5211
10938
768
9423
7950
1835
7166
12337
16203
2223
8273
15743
7250
461
3131
2601
380
15791
7349
16070
1310
17006
8881
9678
15526
6634
11217
11547
4755
10683
13759
3341
9879
632
223
1563
124
15889
10487
2919
4439
12974
654
1290
1392
12549
2817
11158
6986
15423
16375
1479
2876
11362
15298
16500
6795
4741
14891
5825
10312
13762
13522
4502
16758
10626
15268
6261
10896
2280
17021
12927
8486
12113
9319
3336
11339
17206
10294
15799
3681
11869
3035
2185
3546
12231
7029
12129
13337
13261
11985
14480
16576
11846
12971
7292
3257
3883
1172
16114
536
44
9203
11783
16646
7941
11458
2515
8308
13745
4100
5076
11835
6075
5564
1797
13932
5063
16024
881
7282
12752
2029
7479
15065
16129
3780
11599
841
13078
11442
8119
10315
7750
9798
13124
13059
9070
15346
14113
6478
2525
9235
7884
6891
7277
2553
7809
2400
6268
3047
6366
4029
4974
8418
11299
4135
10871
9933
4558
4752
1145
14192
737
5799
16862
12150
15808
9644
1086
8929
6060
10689
9092
12191
1759
9173
10792
5540
12773
6278
15768
6526
6472
12867
8996
12238
14016
2092
15656
14634
1861
14446
13026
503
7894
17357
11576
8206
17022
13056
2767
1534
16928
17343
3444
3267
103
10124
1785
252
13903
16694
10965
1418
9847
16996
11960
8788
12104
3572
7591
11617
15445
9439
11575
12869
16487
15332
15067
2054
9077
4890
15063
7017
6215
4425
5563
1362
7298
11863
10973
6427
13415
12177
13961
12514
5507
5879
3061
1204
12738
13638
10831
18
791
2128
13848
3948
5762
15839
812
15134
9206
14687
17273
2702
3473
3928
4446
556
6667
5214
15874
14033
5437
4144
14394
11422
1298
4676
11674
10916
1425
14720
6942
10731
3069
4288
8070
9619
5793
14889
10807
4129
12234
10440
10971
13475
8189
13469
1884
7653
10422
8720
12731
13031
7475
6823
11932
10090
13046
13328
12035
8314
7946
15493
4297
10869
1480
14474
15083
16130
775
14044
10833
5003
5772
5428
4972
2952
15055
15802
45
13448
12664
13179
1078
8753
2805
15650
9125
6132
14954
9862
17284
12728
7340
9283
14261
16650
5982
10837
2818
5651
4790
8641
14079
4390
6597
16360
9447
14283
1018
11341
7996
1129
3636
723
6017
15607
5228
845
9782
13709
6415
4084
5322
8137
10947
4030
12633
3882
2869
5916
1541
9337
3161
6725
4343
9164
17344
7321
8469
4273
9059
12138
15489
8691
3220
8750
16061
8425
14843
11107
2238
7545
15661
7070
14105
10855
7563
9408
13466
11361
12179
308
6511
14077
8734
9526
12700
16035
449
6996
7999
14965
3619
11132
15819
15421
9186
9195
10133
9238
14613
7079
3870
2956
6505
12302
7613
16744
7906
2043
7417
6082
2201
13491
9179
1124
16950
16063
6491
2763
1847
16558
8485
2007
5931
7633
15370
7798
12937
1378
10760
11449
6925
15376
10207
1191
11454
3019
6226
488
8017
591
2959
13114
9643
6706
6759
11986
17330
10929
15987
10704
7352
16422
6948
10326
13547
4872
16978
2124
7732
8138
3051
16451
3549
16474
14507
4830
9902
15460
4145
6287
12183
11786
7568
1182
6390
5571
10570
4977
11180
4900
1569
5609
15773
4125
15924
14370
14960
6631
4860
12976
752
8619
2212
5814
5243
17368
12330
15466
9378
9590
11141
4091
15551
8337
2711
13291
11841
11716
13038
3487
4064
7829
766
16274
14121
14095
7890
11583
8664
15010
13008
9606
12021
5644
7490
3184
9908
11995
194
12646
15244
5129
13089
4263
10892
13166
5766
12996
8831
13284
15349
13034
8328
16530
11001
8570
14184
10712
10686
6232
6928
15092
16902
7952
2980
9129
4523
5406
4281
16929
10267
6573
12295
9445
214
6805
15251
424
15412
16152
5061
382
12426
16467
8991
10617
14502
10861
9041
14349
1995
15541
14603
15869
575
11850
6245
3025
664
16022
3628
9491
14684
15260
4166
7739
2310
10084
11353
5044
8614
2330
3439
13920
7347
8224
15285
12992
9761
971
1553
1424
15468
12196
1003
381
9347
3266
1460
10178
2742
7577
7457
1881
7086
16913
16984
9996
11886
12126
7016
11685
1495
15721
2032
13998
7129
16680
3374
11742
1915
17244
17070
10501
7947
3998
15739
13430
11406
7796
14522
7810
13168
5920
13170
11249
6174
743
8787
5632
15686
13119
8184
5761
3424
561
1956
1358
6378
16926
1427
15391
5538
714
6156
10812
13939
12685
7539
12776
14948
4701
4244
13201
4003
1707
17310
5740
5918
402
12838
7054
6710
452
15084
8663
5466
2108
2183
2573
16955
5459
1972
7639
519
13129
15099
11136
9642
11862
14011
14384
3634
9649
16310
1583
13055
1156
9063
10403
16169
8297
1854
2040
12940
9915
9498
12807
14150
7239
13120
1846
13494
14454
233
17359
11600
1469
8863
14899
14296
16671
15176
10295
651
9884
8648
6298
13161
16069
930
7434
14115
16509
2907
65
12465
12185
10296
16660
5831
2455
2619
14848
12587
10638
3126
13050
11327
7921
13087
3239
16143
3373
554
6888
17144
4142
10845
9962
9282
8925
9565
8242
4501
629
3480
2984
15335
6517
5623
6920
8859
15828
14373
431
2813
9069
9544
2491
3160
8112
5653
641
9957
12167
7721
7205
11147
15915
4088
4672
4520
16121
2298
230
12354
1483
11532
10468
5473
8460
8436
4493
13520
3479
4221
13837
8026
1845
7027
3714
6737
5633
15809
1818
14013
1645
12165
507
11398
14493
5127
13945
6042
7572
2760
5987
11262
14605
16999
13815
278
9126
6843
5019
1096
13252
11865
10996
12051
4298
3759
12152
10155
11692
3213
15934
10925
7265
2190
3078
5286
11656
88
15241
3795
14459
6701
12065
9431
5897
14919
2111
5178
17261
486
10655
9136
16714
1647
5909
3639
5338
17035
9627
11812
3585
369
8933
5961
15517
13370
9033
12959
6351
10621
6166
7345
8987
11211
8405
2749
9648
7889
342
11179
16825
2284
12061
14323
13294
6178
8325
8779
12666
3335
5303
4404
15458
13922
8818
5078
16915
1603
13113
8368
9056
14792
9603
16086
496
12356
8592
11464
13289
5577
9746
16635
1586
4149
4001
8879
406
16390
8626
13617
16752
2948
9381
1957
11762
1514
2610
12187
12048
15484
8820
9843
16560
15140
4013
9236
7972
5274
15475
2474
7685
7330
3514
11525
16812
11564
4388
16347
10815
9558
6730
16700
16196
1353
13426
713
10065
13610
4391
8557
10231
11730
3284
8085
1274
4597
11653
7705
8441
7968
6810
217
14043
14089
2214
17156
11246
4721
3147
6969
15956
15038
3940
5068
4934
3970
12765
1017
7681
13513
13414
5249
15762
10687
4456
2049
6619
2894
13077
2972
1476
9869
10346
2791
4012
579
10031
7449
14103
4615
13406
11494
8719
1069
875
12004
2060
5218
13259
15700
2122
14735
16847
4386
13784
2976
14733
15538
4809
2783
13245
14158
13891
619
5691
7667
13950
14412
5034
1090
13943
5966
10469
9825
10720
9228
2192
4202
5782
2359
12554
13974
10883
15016
7911
11923
16414
12595
4110
3586
6084
6693
6876
11868
8992
8523
1916
13647
9763
13104
12100
13339
12949
538
17267
547
7635
1657
13780
11810
9697
3594
9679
14897
16663
15539
12828
8295
16339
8171
13229
6586
4139
992
6199
2052
5333
1893
10059
8731
8233
17278
9764
8817
927
9112
7510
14164
13591
8555
1523
3181
17269
6718
16989
11344
643
3494
5720
1283
13679
4422
10516
7092
16230
14155
3894
16292
321
11665
12332
12202
394
8391
13768
16893
9149
2402
2021
1781
13413
5292
9076
6425
8887
10549
16301
13044
7488
3725
7735
14451
8430
9755
16897
7327
978
11104
12989
8001
9760
4834
15716
9963
9081
3793
7655
15950
7693
7148
5415
12580
16503
9181
11131
8546
2468
1136
1799
15901
4632
16004
12616
7272
4944
13720
11719
5777
11918
12085
11670
12451
6850
10926
14946
16854
467
7559
9578
14337
11020
14944
5499
9852
2371
11727
574
6502
3120
5583
167
12432
13982
5788
7405
1623
8413
11655
13860
11579
2625
2535
9706
14775
5122
15404
8013
17094
13334
17051
9257
2570
9950
16442
914
10053
10223
11084
7204
5500
7289
10703
17311
808
7259
9777
1988
11789
7580
9301
12826
3599
10011
528
4582
2118
14596
1984
10572
196
5381
5278
14712
14421
10263
10187
1377
1921
15343
4408
3849
15816
2162
16260
11201
7260
14464
6606
5939
4306
3038
11736
9848
8516
11091
11310
9860
15946
1373
11231
10734
16410
8729
13648
11056
11976
6434
12924
280
13436
7620
11756
1281
15781
5895
9575
122
13644
8892
14060
16804
5808
7175
1235
13418
8539
17155
11321
1894
2158
6202
1919
5018
17135
14067
1001
3571
7107
10290
13577
9427
14782
1352
16645
11811
15527
2200
6244
12914
15231
1952
13243
15957
2709
799
1985
12377
8681
5167
888
4231
3411
4026
12821
9130
8078
11173
3492
3182
15102
3148
8160
1070
12447
4874
11114
3909
190
4773
5858
3539
14185
15191
16741
13977
2676
8330
2500
3807
7112
16165
16215
1829
12364
13492
8387
15252
4168
5226
12345
13142
5856
4308
17171
10357
7982
6934
9416
14405
9806
6609
7994
16403
3020
12609
6213
598
832
4313
13776
168
2076
6916
13244
5655
9473
10004
7980
8747
829
3481
5111
13439
10997
6726
6086
14515
1088
11383
7699
9581
174
10800
6473
10722
9505
9628
15243
660
10003
7855
12497
14741
8971
9304
9287
10196
1817
5510
7850
9982
2241
10953
11747
7650
4115
16371
6554
11274
37
9342
7422
4999
2777
8494
17024
798
9629
521
8174
11199
9190
9905
31
4172
11489
6196
7450
2641
13068
6655
7497
6208
13135
16227
8146
10183
6150
4617
10899
16342
14625
15765
6155
11813
6164
15568
6892
12712
5463
12908
6672
6978
134
13269
13589
3253
12739
13911
12169
1308
4911
11512
6307
13186
10538
7091
10478
11473
16961
10145
4749
4708
17271
12471
11772
17360
16892
17154
4467
12352
8420
8783
17130
9604
1844
16770
7975
16515
3488
14104
33
3941
17056
8327
1142
17304
4188
7518
6192
1399
3935
7356
1568
4547
675
11944
3657
7767
3055
11163
13612
2090
12559
6571
874
1752
9518
908
2157
1524
3590
16361
6546
11737
5033
12568
13905
14546
13993
17062
7084
15514
11916
7235
1180
10447
13741
1794
146
16772
8156
6016
5449
7171
13533
4399
14949
8089
8165
8828
8445
7863
9472
13796
12123
9717
1783
448
5922
605
6975
7229
6377
4880
5552
3618
1167
3515
9827
16250
16626
8535
3474
14906
13045
5114
8383
9432
2839
17352
14294
6930
7109
1231
5938
12047
12358
4532
828
11452
4018
12929
13554
7241
9573
5354
11906
7876
10190
220
14541
16879
1578
5285
5419
2429
4492
4688
8580
15498
13523
10735
6391
9579
3671
976
628
4211
4230
3873
7882
7302
5586
15652
2445
14781
15364
334
2006
1977
260
8586
3971
8518
11257
4367
15825
15599
15951
15814
14318
11300
9938
356
5557
17333
13971
15624
10844
6342
5053
6974
5827
3277
2091
3314
16623
16634
216
13270
15104
15363
10635
9999
12852
15062
1379
15964
12060
6881
11126
7022
2450
12986
343
12289
6593
3318
16631
3578
8244
4610
8919
15356
15548
16931
1587
10318
1060
16857
5056
3645
3932
1993
2261
716
7122
9659
1700
6897
14869
9141
10652
10769
1217
9736
3432
1490
14399
1948
4818
10913
2576
2639
2252
2306
1581
8282
555
10455
8534
10459
12541
6871
5487
2658
8073
6403
454
11035
1087
15891
1302
7645
4627
340
8103
15543
7430
4171
14986
9
7502
9413
4336
8601
14953
7757
15395
1927
1640
7237
13518
13633
8877
10615
7258
944
6317
10062
1457
17275
6864
10019
8909
8316
5863
5031
17047
5107
320
10481
4943
6913
10610
6886
15734
17116
10284
15580
10354
11018
11864
6048
13604
10773
13311
8416
13575
2224
6398
12109
15689
852
5461
17339
13566
4637
991
7668
3833
7967
7703
13481
5271
5225
4293
5065
5992
5951
14615
17236
6147
8770
2105
17213
11282
7196
7814
7679
15354
6171
16283
16808
15617
5441
12713
14489
119
12788
3125
17277
3735
11937
12981
6122
10186
12517
6901
272
16777
14808
4429
11527
12075
7682
14357
9610
11010
15868
3991
1983
5280
3358
2232
11181
12422
15646
12495
7448
16990
2891
13680
6882
8173
8517
2516
9087
3496
1638
14050
14978
1438
7990
10070
16549
11128
5728
16542
1485
13609
12107
4692
14428
11769
1106
11376
3158
4066
17203
3745
4984
16325
15723
7077
12808
11088
12144
10832
1462
5566
4960
7252
2669
12962
12846
5965
14338
13496
15187
725
10759
13923
16372
1963
14298
1652
1113
14295
14990
8429
16188
12420
8522
4954
6152
8366
5849
397
13733
10593
5880
12198
12802
3261
9636
15388
6133
5681
12122
4595
14000
15399
3319
14313
16814
7375
8893
6633
13505
14472
5946
7325
2436
7123
13527
6639
920
5745
16599
16658
1471
8707
5900
2267
14311
11519
7266
604
10511
5174
4236
10667
7585
495
15316
2351
13313
5320
8578
17058
14210
7473
1520
17026
15902
1836
11625
9840
3719
3028
9095
2759
836
6183
11440
10206
11677
3733
15274
4635
10597
15146
719
15775
1805
325
10460
10809
1121
9552
14776
12786
13576
7826
2465
6856
2856
7881
3840
8703
6808
1082
5296
7805
4431
13826
8351
7159
13954
2724
3852
4629
15053
15500
2119
5608
14278
7917
12176
10781
10898
8240
8936
1910
7870
13691
565
2841
12267
7532
15561
6585
16615
12459
13368
6032
16638
3057
6043
257
6550
8985
14932
7085
94
3075
2030
8074
9585
6322
13994
2448
6846
5467
7506
14207
10604
14830
14548
16829
6161
1741
8878
476
8554
3641
16207
11243
15256
14266
8251
7145
13134
13937
12301
8890
7985
15844
2696
10705
3553
2502
8867
12106
2294
14078
12280
4855
6712
4700
16886
16284
3913
9901
8709
6837
12778
2578
17369
5315
8087
1250
7455
2551
5659
10098
7436
13347
12050
13871
4254
4659
12611
8949
5231
7960
3153
16275
1391
8379
13962
8594
10662
6649
9475
15183
6289
15286
10438
10504
5416
15780
15287
5934
3116
14849
14101
5804
3638
9528
4063
4908
11807
2670
1347
12680
5989
10203
7201
1547
13133
13538
4951
15250
7031
14137
415
399
767
16385
11125
4069
12642
6674
12811
286
3629
13681
9467
13075
12499
10563
13743
6501
8311
4462
9983
9451
13405
4897
15311
12926
7529
17341
6418
6005
12357
14710
11225
6676
2444
16257
10778
11283
5488
5183
2089
5501
4123
14665
8050
4965
16849
9324
7904
12552
13734
15794
14538
14549
12116
12782
8207
6499
15823
712
11849
9811
1651
13897
16966
10727
13025
2614
11538
5233
12112
9883
15070
13661
4368
10330
3625
5007
1823
15930
4019
7838
6368
112
312
6747
3030
15959
7566
13403
1035
13659
13626
13091
3093
7404
10743
9870
5891
7288
4585
11963
7223
121
4694
7256
4608
4653
8380
12803
7337
9150
9118
5293
5157
15504
2337
5662
14333
4730
6069
7786
7214
4674
2861
5554
6439
11164
6977
11658
16388
16095
11070
15845
15281
9376
3951
16547
2536
1943
13440
15783
13660
4771
7002
15569
10341
3861
14887
16899
640
8313
7082
4658
10532
11945
11946
776
11595
2176
7411
7354
15642
9309
5953
15631
5833
9765
6085
15596
16840
5926
10836
188
3860
8940
14983
14431
11720
7286
16956
2175
16865
11123
17349
3359
13944
1269
3240
15662
7709
11664
6541
13226
10356
7602
620
950
14346
8388
9010
8852
13350
16820
6474
14816
9333
5942
10491
13147
2473
16564
2389
10152
13432
1747
9653
8130
2143
7673
9973
3775
5108
4691
11304
8493
14654
14572
7357
10853
13184
3018
7546
5693
9440
5682
12605
6492
16311
11780
2044
1173
11380
10911
15258
4750
3567
5276
466
2873
10927
6295
5773
10876
8590
7606
8290
14284
5978
11574
5002
6700
9115
7694
5141
8894
11384
15995
1831
7285
3144
10989
4301
4024
9194
4330
12706
7542
1982
3281
14838
7538
13534
11415
6595
901
5988
8094
6608
6739
5439
16536
3265
16860
2456
7030
13863
15944
6256
1499
10554
7821
16904
9368
1687
16992
8360
9626
7117
4711
13736
13807
12575
7121
8201
9592
6999
1437
13208
3048
11264
10966
14992
14253
14203
2260
5150
11833
2607
6647
9298
15406
9861
7446
7419
2988
5771
13739
5587
14170
176
8531
1454
11427
3152
4604
8718
13280
9366
1751
8375
4719
157
5991
6591
6960
9046
14973
12798
14788
9288
843
13248
3008
16944
5235
10364
11982
14307
6138
7100
13906
9412
10241
12127
3176
530
16048
12873
7346
16205
16556
1338
7825
1272
12761
7378
3908
12819
7740
14063
16514
8064
5828
3865
16330
665
12467
14408
10589
11657
14354
2033
11618
5943
15694
1247
7280
16111
15562
8421
7049
13528
8111
11331
11411
6681
1034
1955
4035
15703
2459
393
2865
16406
15476
8545
2973
15257
3256
7044
10629
1388
11919
3169
8357
12880
15389
14127
2291
9810
1267
12080
8711
2249
10847
6908
8764
4067
7943
5968
1085
4025
6456
13223
5527
10048
16481
8865
17105
3679
5625
12210
6496
14391
9867
3864
10023
13536
13485
7051
7454
7864
10369
10039
10564
8728
12324
9192
3420
8937
10868
459
4993
12817
16664
15618
14418
4226
126
6734
17205
8003
2244
10153
3806
4938
1536
7755
2828
17366
2454
3410
8107
11233
14265
5589
7707
12966
12170
10055
15052
10414
1218
6116
7362
11535
13381
16194
7342
1169
14721
13136
11496
8305
6237
9093
6137
14080
6323
9924
10987
9485
11927
12101
1304
10022
15975
4379
12480
14499
10534
3710
497
12762
533
8510
15082
12350
7880
2826
4194
13900
7453
9250
9382
17309
17211
7046
3291
16605
313
13637
15198
7060
13257
10851
5124
12953
12920
6692
2438
4136
1868
6275
3380
3921
12516
10968
2627
1764
16686
7781
16541
4737
1271
11271
2686
17124
10957
5963
2827
6335
14040
7776
4508
2048
15248
6658
13653
10418
10550
12697
6330
3037
4769
12523
12853
6733
9943
15961
8090
3079
10154
11715
7683
6292
5739
10470
12857
12640
13605
10218
12291
4311
1468
6529
1826
5979
16649
2862
3782
16102
14220
10584
6361
15253
11828
13779
16162
14345
13489
11185
206
15852
14612
1021
6126
3600
15330
872
6441
11172
10737
13451
8362
1820
15710
12084
11290
1879
14152
2799
13076
7276
7939
5180
1595
6575
7611
15169
2077
9656
10908
1969
9789
13991
11041
7898
15942
2797
10319
5508
7770
16066
4235
3982
10149
8105
11888
1735
8150
13012
11480
6221
11109
12524
10639
7251
16479
14232
5760
15578
13202
9395
6285
16324
13572
5911
1494
7621
13000
4309
6757
11421
15080
6279
13921
38
14069
14670
3601
9055
15932
16416
2343
14376
3919
9949
13886
13964
9683
12033
863
8195
437
291
9966
5187
15634
4148
1669
9823
7731
14136
13080
13772
8040
15653
5475
11495
13183
4374
11624
13352
1413
8223
9556
3972
16726
16648
11704
12239
14826
7376
4986
16002
16699
6139
4563
16348
1094
14051
2002
3980
6669
15732
1091
3024
7456
4606
2617
14516
15778
17088
5933
10507
14582
2602
2397
11417
3596
3569
3947
6114
4389
10300
9832
3459
5366
14491
9646
8335
10442
12315
14326
1670
11999
4250
10843
13374
6983
13995
6665
10856
8637
16641
16338
7006
8296
13798
5941
10780
11186
16287
13465
14844
1336
2930
9995
8500
7537
13540
4476
12419
12890
12741
12958
4114
10406
2915
2712
2227
3099
7768
13663
14726
16655
9805
14196
16612
16933
4804
13302
15237
12769
8141
15725
11190
14330
14046
4346
1726
7803
1814
5595
9594
16006
17080
3388
16830
7366
17179
13519
7099
2764
17128
5874
639
9780
4106
949
6465
7212
242
14173
1513
11404
7261
6910
7919
2831
1002
6785
12417
2883
17164
5268
17233
6803
6227
12525
11007
3965
17350
150
11086
7604
1150
12089
1994
10993
4296
17014
11428
2327
15472
15004
10939
12888
10979
17295
3523
1792
11381
14870
8848
16212
4592
9459
12793
12954
169
7772
14366
13255
8018
14661
16200
7901
1570
70
13832
12913
17009
3192
834
10978
4794
2604
371
16614
15677
7364
13582
9326
917
3914
11319
6699
3197
11436
15674
15096
14059
9640
4630
4661
1691
6113
6045
7868
14276
15299
4612
3442
3154
10123
7368
6940
5036
12774
8449
8834
1872
5528
1775
614
13343
5639
16525
2339
15327
9553
16642
8569
13960
2004
13598
6248
8701
7324
11983
16455
4255
13375
2528
16289
14995
9229
15098
14952
2572
16683
11061
6271
16766
17008
9828
12275
14704
3841
16309
1453
13958
2942
3402
9405
4134
14565
7491
3536
11560
5807
15885
16373
2391
5818
14388
16656
15782
1332
9340
8241
17335
4707
3689
14739
2085
10394
526
10015
9331
6875
9454
541
12014
864
9550
861
15550
11332
16045
6263
15691
5738
13396
13716
6859
10755
11778
1261
7477
3017
6839
7583
2421
7165
15496
1875
12588
11358
435
14514
4725
6381
187
14049
12053
10211
6052
1743
13655
12225
16803
4631
7804
12610
10454
5915
2385
4816
2503
1667
1179
181
4402
4542
10556
1189
50
8920
6046
2606
3749
9296
14316
12551
14858
12704
9705
2393
9061
4414
15736
1233
3023
12149
17104
57
3188
3520
13428
5721
16267
10956
4011
4896
5073
5155
5606
3183
6617
5607
11396
14035
5173
17342
20
5967
1442
5813
1597
12715
10367
4269
2761
1554
2184
13829
10875
13157
13588
17351
3245
2141
2272
12771
14845
8336
7702
2440
11709
509
12639
5334
15216
9687
7492
15976
7969
10897
9197
4602
5118
14068
10043
3050
14161
10428
12434
9214
6807
9175
9031
16980
1615
12604
7161
1644
4006
7815
8851
11603
5543
8329
12707
13793
5350
6722
16040
4840
2270
457
15210
304
2734
14892
15214
6976
15621
11210
12468
9202
6503
823
16072
15317
14743
10960
9846
17188
8214
634
6143
1630
6518
733
265
9452
8456
12632
491
14966
7104
1363
12241
17142
11425
9541
12570
6637
17314
17298
133
13641
1429
8187
10358
3350
1978
11926
2690
11765
15701
3884
3784
5492
15028
15184
13750
15908
5889
2064
608
13560
17168
5725
5847
9854
613
14580
12008
153
13174
4663
12382
5619
8134
15152
10452
8414
1357
15009
366
14645
5984
8576
13552
4639
1256
14275
1567
9013
10037
245
13171
1309
7158
9666
15789
3598
2288
5687
5168
4410
12414
16601
1789
7852
3538
2560
16884
12795
10061
15284
5636
13027
17087
5357
15290
9469
13942
14619
14481
2247
5873
15648
16799
11207
3545
4808
8790
12083
13892
6887
10567
9754
11280
3118
6270
7624
16234
15137
13224
1961
890
6935
11676
1542
11371
16454
15597
14304
6338
1292
3558
12921
16723
15303
8815
5244
13484
1120
11650
2311
15194
14225
2787
4401
8398
13941
14004
6146
12783
8655
14683
5654
10192
10170
2150
16707
8911
15269
12320
13825
6209
7149
1761
6481
14250
13853
13326
17322
258
6189
4495
7745
6446
1098
13507
16712
11911
4992
1201
10756
13594
3872
12790
6922
14900
1899
13586
2994
6022
14319
3930
2152
12200
13525
16985
3650
7847
11324
11206
8581
13630
9942
16831
16314
12980
7062
15838
14677
2934
10839
1095
2206
17153
6557
3667
8163
13058
16837
7711
1856
8927
805
7069
10202
350
16009
14422
5868
15180
14913
10560
9976
11221
7179
2250
9662
10471
13067
3032
16021
13585
16717
11234
9930
10120
3501
13677
5048
3311
3157
6319
5431
4704
16872
14309
16431
14325
8910
8905
11550
3310
1387
5640
7291
8267
1402
12135
3368
10726
15822
12265
11105
15938
15075
12307
2630
4284
14957
8269
6249
15682
4097
12701
3076
11265
14711
5981
5925
14487
8560
6629
14100
4228
11113
13968
10029
9917
4249
1701
4777
16231
11631
3326
16610
581
2916
4323
7899
17093
2595
5845
11829
4831
1876
2101
14868
14519
16171
1654
6321
5120
7185
3002
2411
7059
2584
2643
7474
16853
1238
11182
4636
1202
1750
6988
1270
15763
2634
2744
7038
276
11754
9153
532
722
7227
10877
6095
7483
4554
15373
5548
12749
5948
3964
1911
11419
4853
7
4428
13204
4837
2059
12166
8722
16630
3831
6713
5165
3662
164
771
10344
13719
3137
8465
237
6968
2946
15059
11948
8733
4583
14635
8071
296
8822
6721
14206
12574
3016
3984
3163
16832
11522
16145
13460
7487
925
14689
1297
11019
11363
9156
729
10784
10500
785
10040
332
12599
5775
11746
3992
12155
13032
5962
12142
3254
12991
7052
14301
1796
10169
7136
2171
7247
2268
8902
7973
16922
2228
16813
10594
14853
5560
15586
138
16572
253
1580
42
17033
155
8843
11342
17073
10209
10285
10954
16706
6800
1236
1322
11047
12118
17085
2519
14062
15474
5590
8051
11328
14243
10752
1628
11860
3180
10222
13378
3353
8793
15341
10411
14053
3299
6254
16516
11261
10840
5481
10317
4800
15911
8037
12040
6217
9700
11668
11959
3458
11130
7976
4089
3945
6954
15270
13724
9959
7763
10353
14530
11890
2999
16953
7654
6423
11507
10370
4157
2819
1282
16937
2729
5
14786
1753
5584
13857
10724
3747
5726
6997
16824
12208
6190
12262
6923
11661
3857
15831
6643
7678
8041
7519
13198
6533
16508
7674
5297
15447
12822
5843
5759
6304
1866
12256
10063
1101
7010
8027
13628
2015
2554
6866
6895
16433
8306
7133
2417
879
9080
3699
4482
5006
4742
13852
8426
2134
6677
9537
4041
14093
10990
16358
12862
5344
10117
17293
13276
7103
6343
12458
4057
5284
8136
3159
10047
284
1245
13707
4076
443
6943
16755
9835
11729
12108
9014
2395
2406
6973
4503
12812
14540
5495
11897
597
671
14749
11399
4842
1312
1756
17132
14221
13410
10544
3376
5490
13726
2374
15968
8479
16774
12390
7688
7489
16071
2182
5770
534
13854
12938
13005
3369
8402
14840
9049
5373
4353
4055
4848
398
3140
17276
12006
5697
2687
9645
16708
4747
5378
15994
7486
6645
13981
35
6686
14801
9650
1047
7297
14285
2364
14482
5476
3851
12292
12564
2051
6109
10529
8679
6651
7221
3755
11573
87
9551
15505
5318
13500
16575
16277
1683
3648
6028
11031
8202
9792
14861
15717
9904
9176
7153
1530
4891
14982
7127
11348
10126
16596
11156
16264
11541
4075
3680
9874
12413
8923
15576
4603
6862
10654
5252
9006
14855
692
12098
16546
5824
12571
12249
10631
7435
7238
15126
12068
9741
12474
16181
13488
13256
8633
5727
6079
8833
10607
7610
12268
10575
8028
16177
13901
9937
11707
9507
14070
4470
6020
12521
6029
9890
14921
2530
16482
7872
13028
2975
2717
6842
4430
14644
7609
12539
13879
9568
13308
8399
1220
144
6589
4350
14769
396
3283
10325
16711
6851
3124
6907
15593
15454
11462
12386
17161
12993
11030
2860
11821
5148
1170
1518
5101
11504
2137
2730
15508
17059
14003
6203
9174
345
10618
7741
12999
9341
6167
14894
16485
7388
10270
15221
7004
14094
1414
5844
5319
16112
12088
15542
8948
2849
11285
15125
274
12631
16742
125
16618
16460
11235
10542
7115
5082
90
14512
11337
8550
1559
9131
14805
7584
16852
17227
13387
10351
13340
887
4424
4720
4159
7862
7527
4946
16118
2177
16286
1346
2164
2377
5206
1509
14200
5136
11539
14351
12684
13571
439
7761
10355
3700
3814
3109
17162
9128
7210
7050
897
15846
15837
3485
3923
10449
5677
865
4697
6284
9992
3412
11266
13868
16370
14624
9189
3827
9310
12418
15477
837
16570
5164
3986
7182
7019
6488
13292
8052
11975
13023
8869
7138
1043
17237
8369
8193
7634
15960
794
9343
12751
12655
3088
12740
12042
6958
8252
10782
4359
3933
6301
14559
10852
15213
6828
955
12368
680
7575
12671
14147
11589
6953
2746
2153
3524
17221
11445
15208
11461
8166
14785
13003
4534
8307
4258
15608
983
14611
9442
12844
9980
3177
10783
13425
17140
12917
15340
4995
14157
7183
14073
11184
12905
10680
14950
7851
2189
10365
16016
4423
9524
13915
3673
11008
256
1760
13597
4787
6148
12816
2011
9858
10710
14
8148
13115
3146
11882
1772
7222
11690
17325
12250
7977
9281
3294
4628
8101
254
12565
14468
7071
8198
14430
3453
9503
14583
16934
9369
5270
8162
11629
16639
13850
9101
14460
8652
5453
14984
8031
4578
2875
378
7749
8744
5997
360
9020
678
2908
12518
16995
4936
16703
3997
4634
16243
12806
9035
13373
15962
7727
8876
14610
12733
7516
6058
3476
5426
2082
8461
12566
16317
10433
5642
5613
7737
9424
418
16818
5260
16437
549
1008
15841
11150
4525
2483
12288
6549
10692
9493
3727
12216
13268
13455
8227
6031
5518
9596
6158
12987
16580
8693
12147
12693
13030
13685
8643
6104
6260
11247
6433
4543
14695
10321
4991
15943
15193
1678
16440
15528
477
15611
6450
14045
14452
1265
3064
16850
17172
3617
16973
14854
13309
5232
16326
6821
17219
8346
10273
3889
9476
8006
13300
6853
10930
15271
12398
4183
8392
16252
13670
11885
83
15963
14229
982
13748
17044
3682
14673
6078
1083
988
6768
12894
6236
2017
16611
14659
4480
724
10779
1259
1611
2983
2046
10495
6931
12253
14293
4111
11847
2898
9601
13510
2113
11518
7567
15347
13778
4780
9168
9017
5806
8847
2213
7471
4681
7582
10021
8499
16378
8215
17012
10106
1279
5502
1376
15676
11647
9029
12437
9799
13511
9549
15502
6193
2590
644
5134
4962
600
1105
2420
7873
9233
15385
7712
9399
500
10835
13331
1869
11098
1529
8917
1240
637
8812
10922
11956
13899
13449
16851
9960
3880
3497
39
6912
14028
8225
16484
17068
3535
15933
1109
3223
15473
6165
14760
2180
10693
6848
11891
5186
1467
192
3581
3660
13093
11602
1577
7056
11961
11169
12694
15613
11920
9506
7472
3378
172
17315
11238
16119
17182
7254
3464
8600
11633
8521
10498
5452
2075
928
294
1067
11482
7118
9928
13228
5125
4901
7520
16651
15834
14476
3978
7511
5702
7648
85
9386
14930
12501
1766
2513
15018
3471
10282
13888
7618
12052
8172
7759
12397
5025
1275
13809
10551
16828
8606
10967
12105
15023
16123
5957
13319
11648
13383
12598
5356
16450
1941
16418
5172
10880
341
14662
16939
12726
4138
5601
8757
17010
13651
12444
2334
15219
15711
487
11255
9512
8981
11942
14148
17165
4647
8462
13539
3285
5307
1122
15365
4734
12235
12348
338
4910
6346
16034
1585
11594
6711
2786
5201
9632
12960
1342
13782
2943
3635
6847
12705
8914
6353
13549
6577
5893
16521
5149
4447
14065
3345
15977
3367
7552
17303
918
8885
8512
9217
8410
11078
11005
16389
2168
4866
6798
13682
1573
1593
12797
8177
2379
11663
9068
15413
15085
17238
15461
13380
17361
7041
1284
7793
1466
5704
11081
10776
5472
15952
5397
9787
16122
3522
2070
10991
1516
17039
6258
16237
4847
9511
17201
5921
1242
6201
15046
15557
9099
11808
12850
8659
9947
2697
14260
16225
1285
7885
15414
10426
8505
11006
2954
16492
7558
9001
14738
1556
5815
3587
5095
1665
9237
3669
2464
8496
7333
15574
4382
1857
3305
1811
1656
3344
16809
4967
11744
5838
6510
13735
5047
10251
7348
1501
10416
11924
12636
4214
322
10672
11352
3394
6259
7168
13471
5505
12057
13041
16075
9389
1931
7710
6878
3013
4220
1417
16924
14443
14925
3709
5530
572
3201
12625
225
16452
15444
16458
14269
14109
13740
4544
8950
2369
10247
14034
12758
1662
13207
14238
16306
17327
15177
13529
2308
9997
7955
16120
16357
13929
11565
8100
13397
11774
8169
347
788
9062
16505
16097
13205
11529
12509
4412
16491
3516
11470
5634
3771
14528
13787
205
0
13474
8713
13412
10445
4624
8704
9045
9813
11023
11188
958
6884
8457
7398
4209
6358
14400
2531
1203
5423
898
13084
13790
3730
7167
3768
8331
15366
14718
13847
5013
15752
10116
16189
8682
8994
552
3839
4699
15766
12041
9689
3803
238
5112
6224
9284
1478
4703
352
13154
522
15234
13639
14054
5385
6352
12099
1351
3728
3744
6673
6315
11455
2529
14571
17018
4827
2995
4291
9260
12882
13821
10763
67
16767
17255
4437
3306
13838
4027
8432
7622
11476
2940
9308
1463
7311
11928
11372
16545
7057
4240
9011
13613
4726
1842
5482
6409
15296
2872
2815
5717
7892
16432
5194
4942
8451
13687
2470
633
3234
5964
15572
1237
4727
7628
12555
1892
9066
5424
12988
6389
9720
1123
15035
10685
4813
3231
7619
15358
2646
1252
9836
3975
6354
12272
6544
3043
15873
5664
2587
3451
9030
16598
3683
4799
5975
3083
12077
14987
4600
13389
16026
5628
6917
15289
3557
15895
6184
8735
12544
5380
2335
13372
2000
3754
14587
13894
3355
12415
1590
11776
5094
15530
7530
11892
2305
16443
2222
413
11115
7005
14477
17150
7198
13535
16008
1989
2263
3916
12757
13283
11068
8650
15306
247
13618
13562
3763
15033
4929
11433
12615
8899
8896
12638
7157
4004
3071
12137
4164
10303
180
9274
9391
15669
8139
17217
12576
12223
12868
8213
4567
10109
4121
2013
7053
11566
15012
3053
9672
12477
14119
5820
12066
12756
9940
580
10614
9711
16624
16213
2728
7269
4345
12462
14166
5924
16942
16976
5368
7663
10535
9026
8272
12906
7219
6774
13851
15513
17218
14778
9290
4802
15486
10257
377
15681
4484
5578
14224
4103
8541
14779
3021
14663
4596
8968
4398
15375
16027
9211
2892
387
10230
2804
2985
8668
9586
8984
15288
11149
2774
12787
32
8231
12969
16337
8607
6944
11604
7854
14827
11374
5160
16501
15533
1364
1072
882
10113
17146
655
1848
1139
5389
9749
13108
12677
5102
16633
15088
13890
2278
7281
226
2707
15668
9002
5396
8247
4678
1710
8609
15643
15310
1832
11806
8740
16007
5969
13631
4803
15900
473
2314
9088
16800
8168
7243
1643
4002
7331
1223
13063
6971
15726
11486
12130
3039
12449
1102
13855
2753
15386
8147
11534
12064
6530
2495
3622
8789
15079
4651
13568
4927
1550
10932
13699
7562
14264
16757
11220
12466
13464
2081
17174
3034
10719
621
5840
10733
7908
11872
9851
6946
5614
2879
3279
16153
1126
13652
3200
15073
148
15798
8875
5362
14685
16810
12349
13761
3427
2220
2550
5083
14183
1564
1971
3879
7974
309
9532
9559
12010
705
16417
14436
915
11980
11921
5866
6926
7068
7476
10859
8382
6939
2675
17257
9771
10054
4034
12909
13271
2053
16049
16081
140
11320
2475
13758
12245
10849
13071
9608
8582
10056
8196
7440
7343
1383
3009
1333
10020
3697
11684
5862
14828
11153
6752
16510
14291
16139
14282
7312
3761
16144
10817
8646
11777
4304
8135
12305
15459
3855
6611
17032
1386
9516
6704
364
8102
9555
14393
13290
1147
12457
11740
5706
1607
6755
12132
11394
3164
10622
16170
4348
9465
10721
10259
14664
11443
6820
13395
11176
5855
14651
13018
9844
893
6873
3205
16476
10018
9243
9703
2524
747
11694
12412
15947
3850
11936
2923
7875
5670
10988
14595
9193
2926
464
13298
2140
9205
14038
2547
8491
3210
12672
1484
11024
4070
728
8571
11689
2708
16253
13192
9641
11548
16124
16296
5193
12392
9360
4937
12650
10545
779
9682
17000
2545
5207
5565
1685
8264
9349
5407
15229
1343
11934
11359
2301
1694
3408
10095
5494
4546
749
13543
7842
10891
14933
13499
3062
5266
15110
10160
2664
10684
11693
7310
12948
2110
15190
1359
10316
12687
9571
12649
7468
10723
4643
13840
4053
3597
14796
14564
13946
1431
13810
16042
5055
4046
9821
3212
9747
12476
1403
12945
8548
1914
8509
15970
2579
9355
15876
460
11222
1974
9929
7317
2754
14604
2458
6542
15575
16245
12702
273
6144
618
6863
6738
811
2373
7660
544
1432
1997
9351
16669
11219
4290
3447
7576
6277
910
2599
15759
14475
3443
6376
839
5555
12416
12725
2694
16352
8114
5716
7306
16039
1830
1498
2442
2789
5712
451
11479
9785
2489
16113
8938
15699
13730
9116
2520
46
5668
13480
10310
8000
9486
12813
4056
844
2768
10924
1161
4753
7690
7384
9880
6062
6071
1159
10919
14977
7314
3172
16217
16469
16316
9939
1475
9226
4197
13264
14896
10138
9660
11303
7675
10668
16354
582
10761
17111
7945
12699
9572
8963
1852
14763
12300
15077
2685
16883
8039
5306
4774
11288
12143
1118
13450
3203
4657
5242
8495
2594
850
4016
2446
10822
3379
11952
2652
10208
14012
2217
8816
16038
6129
5116
11379
14951
56
3706
7350
11854
537
2057
7055
10399
7753
4687
11313
2380
5570
1626
7381
1073
13558
10912
6893
938
12703
7150
10448
4899
10069
12607
14453
13979
15174
12092
16183
98
14682
10951
6367
14759
11373
6024
16554
10457
15945
16559
16041
9177
6291
11549
7564
16319
16695
6064
5448
12218
12020
4411
5189
1029
14862
3885
13818
8077
5667
7358
5138
11127
2423
1930
11643
11533
14602
10691
584
6715
11323
15536
1456
10914
4549
10089
16100
4915
8918
9453
12500
9261
994
1874
9560
11279
2689
16923
13884
7760
12188
9580
6675
13763
2398
15171
16823
66
2490
8268
2368
10795
11203
11148
8220
11898
11142
4174
16761
10933
12511
17230
9953
13305
8928
13049
15307
5210
8561
6536
3042
17334
6396
4265
8654
15610
3448
6362
8466
1089
6648
9377
4497
7733
14692
8484
2701
8016
7701
12117
7937
7986
9801
14532
14197
8182
3232
17023
7706
6092
13227
8710
10240
2345
4341
14262
8939
6294
11224
3931
1318
2499
17332
8826
9925
14139
16155
558
14915
12489
12493
1738
15744
5404
8761
14488
11497
15410
6497
8945
16506
462
9916
298
118
6698
8354
5949
1370
12252
9075
14154
4448
12621
10794
8687
16960
15973
16647
9332
6461
9739
10432
5629
7240
15192
4000
1299
7614
15326
4283
11840
8157
773
15313
1244
13712
3343
8113
14614
8683
6783
1765
13717
11706
115
4092
2539
1158
9561
14169
557
6483
4626
8528
4576
14766
11079
9675
7923
7824
1033
13934
9728
10072
3046
5798
14780
9313
16833
9474
2640
4519
885
17274
10669
12889
14607
15878
15161
4105
8630
3429
10820
2782
13258
4841
14302
5877
7263
8377
6924
8712
9909
5797
3789
1063
1793
1546
2580
1286
3779
7657
5253
13542
15000
6528
10204
3426
8088
10558
2292
8471
3960
13277
6073
9688
1055
4087
15982
14344
11968
9073
8011
6680
1326
2187
2063
951
11823
12946
16689
4565
6632
14569
8326
5062
573
3007
9259
12484
15926
16962
14353
7501
5755
17027
16871
1944
8782
1812
4487
2215
8218
2115
12401
6520
15512
5741
2167
15232
15371
8164
1594
4445
15866
12034
4782
15706
15629
7808
17260
3005
10439
2154
11775
5474
2723
13467
12818
6972
14496
277
7664
8055
13955
15535
346
13619
13402
17288
1531
12594
12087
9508
15671
14122
10189
10574
14991
17279
4735
7541
12425
3352
10902
2902
11561
16690
2743
10262
1421
3607
10477
9058
6168
7009
17002
5496
5316
229
13118
14757
12673
593
9479
7607
5352
1551
11033
7135
10064
4324
2179
1906
12226
8490
7403
7065
12984
10118
9038
16067
7134
9602
10517
5126
5699
11962
15555
3510
3848
6349
1051
10093
16488
15984
3858
1642
14362
10676
11572
8672
10561
4499
15640
3828
17317
14367
2506
11703
4645
12836
9090
8283
818
14124
8190
11543
11152
15833
8434
12805
5559
6080
12563
10221
13359
15651
16299
9372
15345
1690
7274
16532
9227
16270
7126
12743
11626
11652
3955
3661
16282
3130
14031
11139
7918
3243
4287
3705
15604
10409
15245
7503
5254
10999
4132
1704
12388
17158
6625
8825
1533
4894
15870
1653
4589
10870
8540
10915
11397
6025
800
17268
15196
9122
11292
4823
6906
9185
4981
855
9255
10770
4048
3954
1706
10580
8690
7043
9133
12881
9074
4339
1666
10420
7933
14406
14107
10603
12508
10393
3386
15601
7800
7224
5491
10774
4460
4358
17239
1599
10749
15362
9048
4706
4126
11119
14656
2378
5533
8589
6493
12617
15124
5485
14188
2034
16794
3270
7460
7730
1730
109
12319
8340
4561
13746
3551
6012
1729
10293
756
15294
4625
11970
11296
12995
6404
7523
4252
16258
8332
14865
5090
12626
7459
17263
2649
15242
13225
15026
1942
14637
13105
12043
15897
5610
3652
4892
6264
13817
14794
4574
6687
6748
16294
6098
9223
1278
15986
5622
8406
9258
412
3658
1855
4101
11103
3907
883
14560
5513
13357
2062
2543
15731
6239
16855
15705
15523
8724
11311
16518
289
12589
3263
8482
9004
4591
13602
16907
11045
4413
1166
14697
12506
15877
12529
16932
5882
11702
9616
204
13094
15503
4014
13614
5744
175
4104
10083
10139
5906
17363
8900
3329
11038
891
5842
2424
8228
7695
16478
1507
5175
1254
3385
17065
3774
5166
11644
14118
17090
4580
12257
6371
979
2265
8038
2363
15197
2016
2633
17285
11853
6861
281
13792
6792
16697
2443
5215
15167
15633
905
9647
8868
14270
2290
15602
17114
2808
210
15297
5304
3478
11902
8842
8108
1804
5582
12955
17167
11259
1970
9196
2563
4846
4548
3508
14390
3059
11855
13503
9025
4948
16300
16782
13260
5464
9866
7840
15657
8210
329
16863
4152
9271
1461
13573
15163
7094
10579
9108
2521
2390
16858
1163
5365
15663
10131
12189
2671
5455
8611
10539
8304
12164
3637
8965
7418
2259
6480
13753
987
420
6952
2846
11721
5143
1786
219
9158
12375
9470
15666
6582
189
10764
11017
14639
10435
684
5386
2932
9613
11606
5329
9725
2485
3166
9362
10862
4472
16044
10772
8167
13156
16052
12311
7905
7309
4117
13006
2009
15173
14417
16465
16191
14180
7912
4086
16489
11571
6316
16226
15162
8481
7141
15337
9429
4795
8309
10976
9617
3080
16679
1821
6607
440
16014
7765
2588
12879
14332
12941
10225
11492
16665
9078
17145
5656
1912
15749
13139
2433
11284
4717
15510
15628
15690
10005
7231
10234
10777
11202
7989
3664
1718
15745
4792
1294
4015
16637
13181
10079
12915
10586
14947
4770
3698
7433
9729
6033
1672
7386
13965
10746
10813
10941
3777
15089
11672
8115
10808
8293
10884
11318
14201
12947
13111
5205
1617
12039
3259
15991
16265
9462
2821
2103
11710
2838
14706
5929
2315
12361
2847
12896
9715
7088
47
11468
12452
15641
8754
15060
14740
4556
16528
4878
14846
12708
13795
14448
15790
13887
6413
3090
2949
3149
9495
4654
11524
15359
8022
10964
14182
5398
14521
16065
16616
10767
12423
2857
2024
15851
14153
4761
7400
963
3630
5973
5470
8359
2350
8667
11764
2887
3361
16262
3381
10082
2480
16568
11953
16381
11329
4713
10823
1135
9212
12690
13356
4050
9770
9692
4859
15955
9091
7089
11090
2131
6187
13833
5710
10060
2613
3073
12233
4153
5536
12916
16889
16807
3431
15894
4008
1946
5890
16602
13083
10754
17011
4581
11370
9256
977
1022
11899
5067
8053
11036
16099
8645
11405
5602
1042
6105
13315
14072
16759
4361
2174
3101
11568
11701
3743
4555
2888
10087
15614
16090
2526
10713
2142
13336
13398
2703
8732
1133
16724
3320
16526
1850
7926
4898
15224
8759
4376
1865
11413
12716
14483
13583
5927
11159
1149
3866
16562
12623
1958
8685
5367
3612
8631
15392
10599
8771
14563
11043
16449
16905
11478
1813
17107
11994
4825
4201
17127
12582
8381
2102
3066
14907
16949
8081
10458
9914
1788
15584
8403
5657
13913
658
13615
4160
14056
13024
10224
244
6909
15637
10085
5147
14363
15626
11784
14251
520
10894
2275
5641
11472
9023
1959
10046
15387
11028
14461
9808
4668
821
6959
16673
15742
587
10158
3273
15300
5030
14478
11193
1210
13632
13703
8766
5341
10228
683
1973
14435
17243
2431
6487
1108
15086
3800
14030
4344
16400
703
9057
9269
12297
14833
3937
390
15087
14290
10397
13836
6902
1712
9165
15415
5970
12186
1115
11880
15036
5647
2571
5944
5071
11309
13286
15747
4772
5369
12973
8151
6982
12789
14066
4527
2836
16938
17129
2820
15188
2486
8952
2412
2868
2740
16636
8234
15479
7423
5275
10645
13054
14247
13509
5342
921
12124
16466
11435
4340
9184
15785
202
12922
15750
6399
3400
12450
7587
1928
29
635
16643
9279
16331
2151
5086
8772
4127
14176
15733
9187
2510
479
5567
11755
5191
9315
6163
10279
6612
7535
2405
12723
16137
11356
6740
14599
10233
8763
5592
23
14410
8236
16249
1940
15685
7351
3006
16661
2661
16374
16764
10649
15714
8999
9370
3580
3348
16839
14369
8455
8862
10591
17149
4038
7287
10543
11901
9034
9480
5573
4779
7549
4372
15130
15160
11966
12512
7395
6705
12496
3543
9171
10982
15583
12282
14340
16917
12405
17226
9769
10404
15537
9188
4903
17096
1153
11748
12936
4665
12438
1151
130
15887
13216
4864
224
7105
7458
2146
6981
2850
12148
234
3499
7466
16844
16280
36
14850
12002
8979
6764
8700
9278
16589
6967
12281
7470
13490
8827
6777
3193
15331
17212
12342
12858
5894
15111
6765
8998
16678
5119
5506
1504
14958
1999
5443
15884
463
15302
8562
16584
14117
14601
10331
14372
15416
6327
7170
8062
15384
16117
11598
15032
1132
14910
6162
14686
13296
16335
16062
16115
9044
14419
16166
12903
16838
7827
5091
2097
15201
7795
3766
5323
2462
6841
10688
2735
9837
10503
4488
5133
10171
6314
2376
693
11357
11831
311
7834
1315
235
10829
2356
12674
14773
1041
14385
14812
9249
11859
8513
17148
385
3170
14441
4140
965
11434
3887
4277
10805
17231
6207
14214
2682
7680
16776
14754
16494
4512
11039
9631
9219
1331
1605
9018
5569
15534
2662
9277
1186
6419
7374
5707
2188
9406
2160
5901
410
15396
9028
6616
4107
7729
3156
11121
7927
11420
3207
9894
16447
11426
7367
6220
6780
11140
15061
16472
6422
9830
8009
13708
14976
10198
16457
14462
2769
5805
4266
14379
11306
14579
2498
14938
1734
14434
5983
15338
10623
6411
4906
12698
551
7439
429
16293
8321
12972
2648
6313
9757
816
7076
16395
13969
5468
6727
6145
14534
9477
8808
9253
16736
9887
6468
2632
1215
12110
4677
7598
7807
13367
4598
6685
15615
4516
6061
10865
9303
10695
14758
4208
5212
7081
12408
3325
14964
4756
14037
3752
3927
14129
11555
1749
10650
10359
15862
9263
4256
6524
1361
6525
14589
9199
11226
3812
3121
916
3398
9718
14058
4133
12365
6210
13722
1382
8716
11785
7965
8960
2375
7896
9759
13165
10423
4141
17177
8813
14439
3465
2731
12182
6860
16531
2936
16470
10289
4477
15205
5998
16629
8574
1592
2041
568
2967
5256
12145
6443
704
15647
8860
2338
11493
16587
15047
14022
15967
11355
4656
16557
12314
16323
9346
7603
7402
13364
12343
16209
7642
16448
11392
1519
12520
16760
14377
13973
2546
5923
1824
1014
8344
6560
5004
9932
12601
16653
10700
15492
1455
5509
9554
14531
3519
9348
11893
9086
12453
2962
2511
12603
9328
1754
14876
4337
16870
1255
3321
1646
5547
11827
7151
9737
8370
10814
16043
12195
14241
15072
14303
8217
16780
14292
1050
802
10045
6814
14628
9198
69
12463
4251
13806
170
3583
7186
1527
7329
11389
3518
4426
12667
13559
9812
5198
8883
7014
15563
1440
8464
9244
1806
17079
3304
16393
4320
735
5480
10977
16184
12851
14268
15217
7588
3171
3896
4407
14592
2357
2921
5121
2106
9267
10846
13616
16607
980
11138
5857
7199
9138
6849
14557
13074
3758
9895
1411
15277
5281
12686
9519
15801
5576
14797
11511
10385
3482
10114
14732
14708
7305
16146
12982
12829
13498
3525
9535
246
2812
1197
8624
10533
12814
14620
12832
16438
11540
6914
7215
15044
13828
11196
14360
12436
9958
3724
10512
6375
9591
6038
3274
15865
16974
5054
11758
1433
13360
10739
4987
11750
16223
7301
8412
4203
9800
11743
5731
3237
4642
2552
12026
6855
7216
3655
847
6041
13191
14359
13669
3653
2933
10775
7818
9788
12481
13808
2802
8572
11162
12338
9567
9856
14821
6106
10821
13369
1380
7401
15
3327
4085
17091
2296
4128
16047
5221
5375
6044
4732
12682
1213
14783
8588
5158
1887
13578
8975
15843
1655
12399
9182
6402
16190
16094
445
13070
3810
10201
16965
16993
8176
11614
17081
14936
11645
3483
12899
7131
11302
13363
6622
3195
12427
14543
11649
12096
11205
8400
16365
15969
9145
15654
1074
1176
12344
4170
7554
1398
2958
4867
4858
2533
6053
11407
12431
10177
13065
4351
9137
3981
13178
5579
2756
16182
3190
7037
1419
11745
422
8602
10271
7799
1015
6283
8256
7550
16592
11333
8780
12840
14160
9910
2890
4475
8277
10034
11523
2623
10388
7886
6690
7284
3910
9262
9897
6290
15678
1833
6576
384
6288
617
5489
132
1721
9285
14057
585
15872
7382
4956
13187
6134
13949
14558
6825
7626
5585
16055
8585
5287
9529
3613
4238
2666
12643
14562
9426
10066
158
7304
11851
6003
13805
16527
13524
13908
1791
1566
2986
12146
1900
11277
14175
12644
5864
14666
15353
4731
2655
10436
12328
1422
12023
15859
2823
15154
14162
7003
2271
17220
11004
14632
263
1778
16167
16982
14575
11894
14566
10132
8245
17017
17264
1601
15405
9178
2657
10250
7412
9306
12141
10025
16333
13802
7860
456
1257
1920
12032
5420
4775
17106
9704
3656
13069
14723
11129
5561
16502
9971
15485
5976
7080
1208
7605
10074
14660
8706
3646
10347
267
4347
17207
1330
4155
4406
8805
1066
13700
14350
11484
3753
12163
16919
15006
3616
7839
508
7169
10878
2036
49
3712
10659
15007
9967
7686
13175
10628
7822
15025
7154
8598
11401
14814
11483
17048
179
6068
12510
8230
6230
376
8257
15228
16186
5526
6580
10510
14537
444
7787
10214
2853
14902
2900
7385
3696
7408
1693
6169
5257
13861
9295
529
15428
3925
6018
4518
5519
10340
667
6328
6125
12359
4605
9816
13834
7617
15854
5454
8076
12586
895
4921
14009
2848
13016
6736
5800
6581
5917
16743
7574
16538
825
17147
6766
1141
8636
14871
13110
4162
15849
10415
14138
5220
878
1374
13176
16304
5996
10489
10243
10342
143
7959
5581
10741
13221
10583
15815
8036
12810
7236
6039
4289
6707
935
7114
13976
2434
10375
1044
738
11191
8127
5832
8355
12370
15632
10464
7178
9849
12620
6945
7536
3663
13324
12841
17242
6451
7666
13698
12027
15155
6067
5377
14091
14513
9438
16790
11876
9981
14257
5422
9750
357
16224
14918
16662
10895
4072
10920
10280
13936
9398
8906
2939
14761
7496
4575
5360
13316
6600
3202
627
17078
14159
9135
7819
10141
831
4400
8407
8473
16413
15453
15506
8024
2279
3976
9492
14186
13895
11760
12612
5001
14701
10176
14772
10329
13664
317
2453
137
12227
3323
11781
3296
5980
4745
10827
1065
12848
17289
6966
12044
6933
11161
11456
12385
3114
15564
388
5429
12825
8884
14524
15907
866
5905
13486
10485
4526
13678
1084
8069
5690
9134
8350
6197
9670
8408
12322
6880
9484
16586
2293
16737
3844
13878
17074
17121
6984
14007
12791
16350
12577
17208
3691
4017
7465
4490
975
14955
3842
2830
2899
2608
8775
2427
10762
9701
1768
6458
2507
4622
7336
3726
16295
5928
10235
7113
1112
12119
428
4299
14752
185
5258
5732
1733
16104
7106
5348
8627
7823
2905
2056
15585
15627
236
9732
12394
5724
6179
7637
6242
3065
6802
2924
8568
16158
553
2262
13437
2186
13804
16806
8520
3070
16640
2706
15417
11816
14449
15091
8098
14233
5841
16981
16073
1917
7095
3994
10648
4178
6762
15988
7090
16604
1714
2851
1517
14874
5575
12030
867
147
16998
13656
14334
4033
17005
12000
1116
10546
4043
10044
5399
4232
697
4945
14086
10796
6867
14768
896
13128
2840
4108
3086
16098
8858
16308
1715
8289
15619
14005
14189
9430
9888
1249
11503
7058
10866
4807
6778
16142
13322
13627
5493
8821
15570
1571
15369
1936
5786
15222
13222
15587
8791
9882
4443
15339
8023
8265
4805
12009
13635
6225
8613
11135
525
6157
3723
10928
12618
4917
10620
7262
10980
16885
6065
10494
1986
10212
11360
9772
15879
1037
3760
7722
10664
2678
12229
12505
12273
1406
6964
1774
3085
9132
6477
15753
6392
9652
2404
11832
8688
17198
15980
4315
13752
8675
3056
16364
5099
8046
17193
13501
3297
4566
4216
3100
3611
6832
15566
5458
7556
7785
16276
8632
10909
11732
5040
472
6879
16037
3977
10286
6628
17329
1763
1755
11903
2218
16756
7048
1661
2100
10520
12340
8935
6896
1815
2758
6357
8475
5140
14945
11988
1888
16425
5159
4577
3000
8662
3953
4757
6539
15965
4463
8951
4237
8738
5767
2991
2501
5075
8612
8348
3643
12965
16740
1127
16652
1395
17320
1633
2237
8515
10818
407
3315
11640
1314
1538
12777
12367
6228
11925
14996
6010
5135
11236
6360
2770
21
16896
16819
15644
1808
10537
15148
3787
3854
7570
1675
4060
11904
5267
283
10934
4130
10193
484
3247
15295
162
1589
8057
13082
13342
11124
10901
12907
15665
13517
6760
17099
15881
5553
14914
1525
1837
12018
2126
3224
16093
7328
16916
11064
3036
13987
5229
6519
2161
2909
25
12222
3716
8638
2178
182
12760
7534
8212
1321
15308
3063
1020
13354
9140
2104
11021
16229
3119
11639
16136
2210
5384
3888
11175
11826
15821
13462
13233
10332
2120
12748
13100
778
16219
7344
13819
2577
2752
16150
6578
13146
9036
9794
6466
543
6980
5742
16751
13407
16285
8433
16628
11051
1502
13017
6379
685
16791
475
9163
12809
7074
11067
16988
4982
3809
14416
6812
803
8503
12834
15709
12964
6638
842
8640
1939
13844
3826
9252
9974
14837
14648
326
12237
12056
1722
3175
8932
2204
12376
16084
12614
13353
16816
10462
5790
4941
13711
3632
16895
8474
9106
151
6191
2508
10429
8404
4393
5279
16801
15592
9397
3209
8723
13882
796
4821
11316
1019
15638
17020
8364
858
5908
11682
17355
17192
11714
10508
14509
22
8302
10906
559
912
11293
12430
14750
11887
1168
3138
10381
3384
6311
16720
13785
4905
16263
3498
786
6579
9614
8737
3900
6551
6840
4418
7443
5669
13532
8653
15622
11192
1904
13874
14956
8478
15436
642
14205
152
16291
15360
7232
9100
7504
16685
13237
10697
6646
9543
10828
14235
4766
10444
13564
1371
14167
6087
8066
2088
8099
12823
8468
3853
9817
3162
318
709
16958
11526
16563
17307
16456
6635
14172
2796
8986
506
11315
10007
12284
13767
840
8260
12647
10156
11818
10374
5355
186
2747
10857
9708
14798
7481
962
4978
15435
14878
15215
13506
3987
15481
13458
6979
6659
5784
8079
11597
9003
14315
2112
12661
2229
17210
16728
7867
3433
2559
8674
11430
11223
2381
5417
7020
16959
14174
10598
15786
3029
2929
72
9918
5950
3989
4644
2631
12178
2196
2012
4327
6406
6574
6789
6305
10313
10531
5676
8551
10661
17189
13859
5087
9064
9334
5867
5611
10771
16033
8358
7045
9563
14249
7225
17143
9021
10790
2149
11160
9721
222
4613
2505
11460
12181
7747
12651
16247
6640
16578
2620
10657
3786
5363
14426
1081
2784
9300
9224
8221
700
10265
1621
6604
13234
9417
11725
6746
12346
6426
4007
10985
16968
6083
6787
4375
3820
11155
15590
7226
2755
8409
1625
4099
12406
15600
14756
3222
16032
1039
3173
1448
3950
13988
14917
1953
16722
15282
14535
14832
12804
514
12538
9934
1277
6683
92
7907
15123
6754
13620
3194
5359
9520
2191
2989
13241
4441
11830
527
14042
3493
13112
173
2209
8694
3456
862
13986
2020
11741
13053
4649
6603
14980
1771
3060
8044
9767
2449
200
4671
8124
8259
6308
1225
4882
11799
1840
11170
7792
11971
1207
12492
8575
5883
12513
4925
13399
11551
12255
3040
8453
6414
5035
13431
2938
1843
15170
4579
7698
8345
607
7900
14942
9574
11418
351
13141
1251
9661
1234
3128
10164
2693
8483
12341
4826
1515
6938
16994
9517
4112
12613
5079
474
1185
13697
7857
12409
14985
2221
15117
11790
12025
15054
15927
1990
10518
3027
10788
11065
15361
8015
6547
3449
15206
6794
11874
1056
15639
13794
16859
16667
4397
6123
4071
6543
2025
14083
15737
3461
14027
13199
3570
4449
8012
12309
9488
16731
15433
5711
15051
11687
7174
8487
9657
16945
3736
11623
11340
14263
12421
7139
11469
16174
5064
15577
16815
16201
6652
11295
12573
15882
1329
7360
13287
17077
9783
4474
16202
4833
8921
5176
4074
5686
3776
7551
9907
2586
4947
13073
5255
13456
5692
15150
12086
933
11080
2738
11866
15659
13914
10571
15329
6108
15813
4540
16569
2159
13382
10885
2481
1045
6470
4873
694
13039
8243
12153
1696
12592
12833
9172
3847
1790
16366
12883
10482
2026
1742
9374
14680
9525
880
15925
13927
9418
2931
4849
10923
4381
15667
9314
2037
4871
5700
15810
16519
3509
54
12102
17037
17286
9367
15784
8671
3654
8725
8995
3626
11641
10708
8285
4196
13797
12313
14191
13230
2605
2328
12242
9053
4975
539
6136
15829
2733
2488
12768
1776
12243
17209
1926
16951
5660
6961
4778
3942
9676
14803
10981
10596
15807
17071
10157
1140
2401
9155
15342
15247
8109
12942
6671
13812
16068
10115
2225
5326
4479
6694
2165
687
3633
12446
7897
11686
7098
14193
13975
661
4881
14504
13273
6618
8299
15552
7253
12038
14506
5525
10674
8874
783
9401
14252
3026
1737
409
502
14437
3711
5045
8566
7431
11591
2065
1503
6970
9344
13064
7578
16398
8117
16534
8762
9634
11796
4179
13125
9083
16329
16805
12602
4045
7861
1171
2355
1526
2793
16811
13281
11871
10493
11015
7507
14523
3564
3891
10260
10609
15045
14168
10803
7956
9855
13502
4380
16765
10850
481
6844
11627
11273
10766
1114
4365
8300
6900
13751
10961
6339
11935
10640
9625
3798
10391
4257
5409
12193
2636
8961
3332
15249
16925
16346
16898
12735
10104
4539
6620
209
14032
16585
5313
10758
4552
3944
13197
10080
5387
16353
4673
9923
12847
8866
14974
485
5809
2877
11718
15333
8946
12885
5794
12071
12442
15712
16581
5049
1800
6
3337
9380
8216
11278
7244
10696
9353
4233
5872
15437
14490
4959
9540
14017
14114
2194
4976
3054
2612
12221
6522
14356
16254
13007
9605
10147
13132
12410
4156
5643
16421
6324
11824
13177
9482
17302
7672
9060
13875
5358
9273
7467
4310
7373
8262
16028
10893
6749
8014
953
11229
6990
11958
10092
14836
17152
5646
16869
2435
11291
2139
3614
1975
2913
5200
16019
4709
7571
13811
2798
2615
12483
12304
3262
1138
6697
3757
8419
2716
14163
15906
11557
10129
3437
17060
3445
161
11731
6141
510
6623
13504
3602
12864
96
3364
13495
2172
11416
8278
2537
15673
8972
5421
7848
10946
11801
16930
7064
5185
5151
16600
14135
14510
1119
12184
8966
8083
10339
13427
7924
14657
2642
1689
3874
10974
14320
10427
11057
5907
7267
8386
10592
16927
84
5722
8123
15698
9170
1705
8625
2348
10573
13435
1369
6057
4869
7035
9005
6563
9548
2478
2811
16681
8666
14413
2977
11275
13574
4131
10963
7177
6796
14574
5743
14469
9072
8161
2829
13103
11414
11843
4259
2911
13580
3838
5977
4318
3791
10172
9944
1777
16727
2047
8271
5110
5456
15439
5937
1049
13015
14342
13715
12584
12901
16535
1555
6998
2067
3830
10601
2644
11907
13665
9357
10492
17185
12634
17159
6049
11009
2713
17100
9109
12491
13004
5432
15442
6682
8209
9824
13188
17223
4528
2038
8749
3708
1317
4032
6993
6719
7296
6485
9183
16537
15840
11588
16733
2870
14802
13327
12567
5780
10081
16520
10750
11029
7341
470
4531
7984
9834
4276
6326
10006
198
16745
11896
8376
11879
14125
6688
8610
12753
13512
984
10486
4328
15623
16404
7766
287
8915
5544
11154
5032
10701
4068
6436
10948
16702
11444
12759
9067
3651
1976
314
327
12331
11094
11845
1038
9104
16970
16802
14123
13599
16349
15069
15081
12274
8751
4234
16867
5783
2078
12721
11011
8180
16874
11620
6904
12860
7636
5853
7773
11305
10666
3631
4638
2372
4185
10057
8315
12207
9242
16076
3403
900
4271
4920
11559
12861
5756
11705
15107
15573
14570
13366
2242
290
10528
8132
1048
12490
3392
14815
13831
15683
149
207
2566
3566
5888
8605
12445
14529
15066
17328
2650
9388
12254
14901
15142
9523
4912
12688
3370
15702
12892
11377
11621
6627
227
3112
3837
7313
1728
6101
6386
12526
1071
9913
191
12285
6454
7565
15131
5556
14694
4387
10842
8104
14081
10874
9979
11082
14335
16105
16445
15323
6252
14908
12131
1739
8042
12251
14822
6070
6751
11400
3804
5781
2039
4760
2635
9016
6054
15100
5652
17176
3208
9032
7953
14713
3413
6336
4763
2843
3790
1922
5599
34
16906
2484
10219
9623
3517
1481
1216
7451
2329
1246
11680
3098
8537
9404
9320
15022
14600
15374
1816
11343
10633
3395
5392
10513
12874
7597
826
15382
5694
7220
2407
1960
9796
15760
2287
14380
17353
589
3829
4762
2399
16866
12532
6903
12439
4521
12624
8799
12855
10248
8458
12440
13625
12963
3143
751
7195
15320
13130
6121
1230
13131
11166
3365
5325
14358
3136
13478
690
6771
2645
11981
9312
7390
1636
5483
1668
3022
14485
10730
1891
5301
14465
650
7836
15049
324
11087
6590
10998
13608
15312
16241
3609
8538
6416
12985
15645
6223
10424
8954
8882
5504
2653
13645
13107
8692
11108
17028
5022
6469
16882
5529
12287
8943
9665
14527
7790
10144
9200
3756
4568
14374
10052
12373
2303
2460
5688
710
16134
16864
8593
7380
4535
16110
9952
8564
9321
9419
3610
15040
12515
2333
6002
12173
9400
9510
6552
12317
15579
14877
14492
10386
4302
7438
12968
3615
4616
9863
4481
12878
4785
12407
10322
10451
240
13926
698
7249
8334
4588
5952
13799
10307
4120
16116
10261
12622
3287
13557
3189
899
4332
8444
15609
1839
718
16608
426
892
10547
1307
10314
911
5713
806
4718
4852
8727
14678
14445
10035
10569
7586
6479
1680
12596
731
6561
3417
14517
11530
695
6661
10137
9054
14055
13149
5216
6750
10506
7230
4695
11848
14280
10067
13098
6615
8133
11972
15864
8312
9394
820
5546
11552
9696
10585
2884
4494
113
6829
16220
4187
4601
11514
3389
10588
15571
11366
7995
13394
16279
4955
3251
3805
14021
3142
2243
14975
774
78
10255
2834
5776
3324
4282
16644
5052
3286
5139
9723
11213
13344
7146
7242
12983
8204
9756
5152
430
3554
10174
333
11093
15114
1867
4964
10742
5663
13210
6621
550
13092
959
16672
9577
10612
13442
11787
15105
8280
1441
1650
1390
16232
10175
4902
10308
12669
8870
12540
15935
1160
10195
4958
954
14141
9499
4222
3678
16125
10515
4275
14789
5203
9712
17318
4764
10715
7190
4102
15322
2548
12583
1622
8567
7377
13756
8200
4667
2718
5436
2565
1702
7273
15715
2346
517
14211
11060
17246
15019
993
7714
10526
7425
13841
12990
10625
6153
2542
17049
12593
3605
3903
5335
2719
9582
15129
10382
4513
9710
11856
8417
688
5796
17362
5097
4031
10395
9161
15355
8563
14444
14209
13880
4498
15769
3217
5457
8020
3957
16050
8480
414
5498
3440
6266
12128
1784
1649
1196
8261
8129
4316
6890
7415
9868
7413
15420
5972
8556
16834
14355
411
13452
16856
7849
15379
4572
3233
8322
302
2866
9936
5886
11502
12308
9487
4204
8427
13320
2340
5768
5204
1232
7553
15204
16498
4319
5545
9562
730
14643
12494
13299
9600
16836
15276
9201
16792
9098
14771
7512
7101
3316
3862
16369
9102
6929
2396
5811
10718
12114
10073
8756
12691
12159
9569
16096
4009
9365
16239
11839
1027
14414
560
10363
11510
7383
6610
13365
8635
8276
5865
6118
16303
4360
9421
7716
5899
5224
10166
2833
1209
6523
7691
16868
16468
6035
15172
7066
16972
3905
14397
8726
7409
2726
15488
5014
10791
5650
6937
9325
8110
9743
306
4506
9533
15143
16408
11441
269
8853
12943
13279
14693
15450
2035
15291
1164
11204
13362
10125
3338
14997
15005
11542
14401
13159
14484
13335
8049
3939
16332
7015
16477
2235
5930
12197
790
7920
8514
11016
13330
11773
8657
14631
12815
1736
9050
11286
16148
2965
6731
11545
1522
9826
13671
10577
8082
11912
1859
7525
15958
2914
2318
416
8288
11820
741
10362
9245
4405
15788
9564
262
10611
4907
15738
13622
15261
1544
11254
24
689
3434
14438
15818
2493
2269
14140
8452
8934
7724
12213
2388
10521
6691
6775
9530
5394
15989
13057
16550
10292
15031
13468
7940
8188
1487
1708
16106
15521
758
3357
9363
10051
11938
14199
6486
13989
601
9793
15687
14813
2286
14246
9119
15501
16861
7203
1692
9964
10127
14811
6281
7040
7856
12293
14653
11167
14999
16133
7589
9384
535
11610
16362
17337
6293
9669
8621
13544
10945
6059
6442
2621
5910
4261
5990
14979
6050
4416
11951
4913
4884
11412
15344
10232
13301
15899
4225
6219
7482
14668
9611
218
12277
12247
17186
6014
231
10441
2166
11837
9403
3351
8301
14696
14588
15463
5631
11881
5591
7181
10524
6206
3647
745
13967
12928
14898
11838
3414
11615
10068
4522
8597
2990
4454
4464
11189
15524
4442
7369
10900
7783
13990
16222
2072
7024
436
15730
14988
9361
1
16015
5109
4716
5542
16397
11637
3484
16046
3401
5408
11075
3608
9998
7188
6696
1632
2266
14864
2245
904
2014
15121
2428
2518
12911
4994
12784
6791
1473
8303
8072
401
11069
10566
1262
9615
4824
10802
8447
1545
1688
3623
8891
10729
14423
2568
15015
14096
15380
4184
9955
7248
6509
14872
13251
669
8287
15649
4193
4198
2824
8411
17001
195
8908
5736
6333
17041
13556
1674
10405
10272
1629
7093
1030
1834
3542
2925
2971
5081
545
2114
3559
9317
16471
11751
15591
10408
8800
4270
6872
9024
5757
13714
3363
6987
14989
405
7283
13668
14248
14880
6099
11410
1695
871
9065
5919
7859
10488
17245
17069
8258
14690
13565
1006
2234
3825
3738
9522
13909
5705
12366
13476
1574
5447
241
4364
12036
14905
6745
1012
8801
5153
6233
6678
12244
13933
11242
939
15138
2027
3490
16334
12923
11734
13445
13379
5364
6819
17331
8573
11861
14770
1177
7097
8898
9583
4797
6205
8415
2611
5758
12303
8263
6387
14500
13550
16320
2867
12429
11917
817
16848
361
7643
7039
9970
11046
7649
546
13872
15279
8699
6355
9169
16135
11250
15438
6374
13654
4143
349
4609
15522
7612
12553
17138
4312
11
450
1327
10651
117
8784
4963
9778
8931
854
7540
4537
720
1979
9437
17348
15937
2001
465
5128
15948
2806
12470
3491
16427
12530
13951
10425
7245
11431
17204
15119
16401
14106
13122
2367
6154
13931
8384
16522
5765
12312
15516
3904
7308
4511
7067
6394
10407
12854
348
4294
15756
12069
14227
873
16255
12863
7322
3303
17248
5188
16256
14555
13013
9117
11022
16784
7913
12711
15490
17281
15446
13769
16436
1465
13376
15050
682
13823
9043
5541
5295
4953
16698
596
2325
2951
10848
14029
16783
15792
3996
11724
14912
30
3552
12648
315
7656
8811
6135
12094
9584
1864
13249
7316
3815
14810
9234
2211
16705
6500
7561
16091
4924
11112
6063
3875
4278
16940
10324
17347
1965
531
10378
793
13676
10882
4059
16272
10402
9143
570
4710
13801
1511
12076
14219
1809
7495
12360
114
4968
14863
666
16173
305
2698
13220
4241
13303
14236
3783
9716
7407
10745
1407
13345
1828
6782
16948
6857
11635
14790
16675
16428
17
6898
3014
6464
9157
14348
16480
14279
3117
1428
16548
483
15776
6636
3785
3246
13889
15795
17067
14498
10744
1155
2695
1100
3526
2773
14818
7720
5300
13497
9275
13963
11842
11354
3737
16483
9494
11267
11673
13215
2058
2966
6452
6408
4969
1679
13980
10499
6380
3729
16017
11171
6019
2148
16242
12591
7677
4758
16058
1732
16420
13531
10736
1349
856
5986
10717
9589
12205
9607
15273
7293
5764
10918
11844
9110
11722
8644
6512
13150
14962
8642
789
14287
9531
15202
4061
10888
2904
14883
282
14427
3717
8029
16435
16259
11889
13106
16620
1949
8774
17346
10283
5621
2074
10944
9383
8056
1954
16621
2019
8353
14024
1319
8649
15233
7662
11666
3672
2700
11711
2720
14747
4551
5161
7993
11567
3507
17215
3801
5658
11915
6865
13555
16595
16345
6131
17282
12590
5624
3196
6428
12779
2207
5568
7928
6312
3788
11245
12260
15842
6830
16051
16543
417
1224
5058
6384
8796
6320
9978
4065
3528
1206
17050
923
8661
1905
849
14916
10148
16709
5115
9546
11338
11165
12835
14903
14573
15830
4286
2216
13910
16912
1031
249
3731
1902
368
4285
2955
12536
1849
13667
6858
4245
15805
14310
13329
14927
942
4415
17120
8060
6444
10380
11788
5282
6963
16107
16109
13219
15728
7023
2447
10392
13433
12190
5680
9815
9685
15064
13454
13095
4175
3946
9814
8776
199
12362
9618
17031
12333
4458
7192
17066
59
5698
15735
12904
4438
14195
102
9713
3302
780
13250
2715
10642
3685
4607
1341
14584
14396
6265
4812
14336
4098
1036
7042
17110
11034
2135
4886
15918
5462
4083
7616
16399
8767
4740
4
10886
10078
7594
14088
4355
6047
3537
15048
7372
8118
16271
15824
801
3282
4806
1450
12668
3808
1528
8544
15520
4923
12689
14939
11308
8953
1591
1165
1192
11269
3690
9941
2751
1248
13014
12531
7001
14594
11608
11208
16753
6495
13771
14108
2256
12886
13774
6397
5277
14026
5029
6103
4137
3563
15292
10826
11803
5826
1452
7033
1699
8395
996
2144
12460
1532
14198
1276
16677
3225
14621
3102
15863
9039
8525
8097
4786
7290
8549
17061
14371
929
13140
7843
11739
1606
480
13021
3415
8145
6198
446
4887
6927
16327
3573
14237
1273
3092
13066
3468
7424
16423
6601
2386
8741
16087
9612
9903
5227
1212
10281
6717
10475
8005
17072
4491
8191
16343
16593
14835
6009
8270
11097
14545
12209
6006
13060
12872
4394
13835
5395
10793
498
15136
7630
15068
2776
10258
12321
12325
4478
15953
3105
15896
2854
12168
12266
10038
9084
2944
7983
7275
3391
9265
11500
2079
12082
12919
12533
8154
13212
15635
4095
12461
14841
3221
14839
1430
13253
13493
7646
17306
3271
5885
2534
2133
13019
567
11757
14629
10453
2647
12696
7754
12557
2714
9850
9633
12951
10811
7416
1023
7778
1596
2616
5678
1493
10390
4189
3640
15112
9622
3603
8861
932
11717
2822
2426
12637
748
15800
14365
12722
453
2132
2425
3067
6435
11628
12389
2889
7961
1521
3446
12381
15348
3307
1367
17323
6247
16387
6001
1219
16386
17181
285
10238
15315
15519
3264
13152
1393
16582
7988
10278
6302
9455
1148
14450
5290
17319
14968
4865
9748
11587
10632
5248
5486
8830
16963
6507
64
1822
12770
9587
16411
14745
10099
6689
2061
15518
2859
9464
3110
13293
8450
1619
5512
5170
13738
15777
13587
9969
171
6372
14674
3241
16157
3769
3956
10810
3765
3890
3457
4587
2240
13419
3397
11795
14128
13194
13086
15998
11679
14746
4559
17340
2589
14409
6077
13321
1767
3584
8463
13702
17122
9460
13940
17345
13916
15771
5562
3688
11580
141
10181
5299
5514
12156
6531
16911
11501
14551
10986
11611
5615
13674
14085
5665
4314
17113
11145
7191
3438
6994
7813
1598
8794
11581
8152
5371
8955
12054
15235
6630
4421
16875
10188
5914
9291
3354
13530
8068
16692
14649
14190
13786
13999
14911
8620
9428
15141
727
15680
13706
2147
1107
13137
7593
5859
12136
3936
16168
11852
11642
2998
17040
14793
1937
4338
13155
3407
15487
16085
15427
10182
4895
5372
13642
7187
15411
562
14245
95
11368
16178
10361
11272
11367
16738
4557
11695
7779
8506
16729
1620
9891
10606
13052
12930
2145
10122
5892
5273
13545
15254
15074
4828
12724
1472
9779
5340
15153
12024
4213
12709
5836
4817
4079
9664
13643
12353
6776
12015
1996
5163
12456
7323
7718
5850
6965
8748
648
2871
5098
17225
6340
7264
2591
1396
9663
1076
9538
8980
11546
4459
777
10751
1745
203
2626
7389
3677
11800
10950
15531
3133
1005
104
12276
15011
2317
990
9009
8850
5425
5450
636
10660
2323
8437
4538
10992
10075
7270
14392
6370
15913
4349
10605
16781
11252
15861
6300
5848
2672
13563
12545
8067
726
15314
5787
4096
11459
15071
2066
6393
5971
1582
15729
12502
3074
13438
12719
12831
4052
10042
15377
10328
13203
9007
6614
4931
9213
6905
12278
14407
2487
9968
2705
14267
15263
15853
12067
8438
16877
6412
8477
10670
14375
15283
8673
15532
5038
16817
17313
8680
4200
14819
7832
6332
5835
1464
12866
8841
10008
599
10253
12310
15408
649
4759
9773
10150
12944
1637
7361
807
4743
3167
1838
16786
12665
5171
8730
15185
15372
383
4641
13959
11910
15319
1500
11488
7806
9734
16524
11151
9450
13766
10536
2414
16627
6535
1293
3544
13783
8155
16890
16894
13214
3255
14655
11771
15883
4279
9819
5237
2281
2277
271
813
16716
2772
3242
11314
11515
734
5635
3428
16176
6015
9872
8249
16463
8768
14873
16746
16464
3003
1266
13288
10128
5515
17029
1934
4357
2264
5477
14130
9898
14715
15471
11228
10168
4536
6200
10690
4715
1288
17259
11487
8349
13285
1075
742
363
14433
6714
5261
3568
6670
10969
6989
8365
15848
2419
13725
9946
10376
11619
3235
11708
10559
16159
12745
7689
2382
211
13611
4724
11438
7891
2394
9674
4979
7925
15027
3113
6329
11244
2766
906
9276
13035
15422
16290
14882
15755
646
16619
10389
6915
15464
913
10466
15227
6562
10334
13970
8803
193
792
13800
8839
12978
14922
8237
16590
9159
3906
8279
1744
2203
4586
7938
2527
10656
9536
2358
11297
13384
7903
15097
15021
14084
1552
5324
1505
14455
6955
13416
15108
9752
1998
1584
16659
16088
8660
12635
985
3834
16827
17139
16798
10725
17131
4362
11349
16281
12939
6194
15697
11168
5092
5532
1016
1698
11216
13813
4904
4988
16486
16441
6788
16696
1535
7725
135
3620
5413
10663
14187
4918
8143
13047
5649
16011
108
14724
7797
576
715
9490
13262
17356
15398
1539
10161
12967
13446
166
6272
7929
6383
11987
2125
3666
1061
12224
17308
5733
3289
13508
12298
5403
13265
8838
11699
2083
2810
1673
3540
6732
5451
5314
2762
6475
15449
5337
8159
15336
12158
16179
10105
7835
668
5077
1350
5817
2592
3330
13623
2920
9667
8080
14831
16762
13548
2564
13690
4169
17092
13121
2574
6140
10110
3513
12160
10804
4077
10298
10881
10921
11768
11330
5645
9677
11544
13162
5737
2045
3565
10565
9307
9241
2790
6214
1280
8034
14866
8714
11074
1496
13925
10297
4167
2918
4342
7841
17095
10578
5904
12678
15239
1295
16725
12556
7991
15797
13883
13983
8320
15209
2858
10785
15758
1011
10479
14149
17252
2080
12755
1878
1184
11227
15692
12950
15625
630
6170
11239
16947
13385
16754
15761
1458
10135
13036
12932
15024
9113
6027
13561
8229
15670
16842
9496
13521
13917
3276
1446
12754
5861
15910
13267
16533
13361
14875
8912
11178
4218
3097
5746
12090
1853
16238
13695
5648
13551
7625
3155
14617
10816
5588
5401
5317
15195
17053
6407
10309
16429
9239
10094
15226
9082
3924
8372
1709
13144
8310
6565
2895
12925
9900
1420
12870
58
15544
3694
471
14658
14052
5445
13206
5080
17025
1410
14277
7756
9468
120
1313
15922
9501
12211
8967
11481
9681
16054
6602
14784
10467
956
10396
1144
11322
7397
8435
13877
3739
569
10562
5605
4118
15511
11174
12581
9598
16077
1491
15812
4021
6420
15990
15856
16180
5754
11260
13673
14494
566
17365
6365
9027
14442
13323
11700
8897
2300
7061
13514
15401
12746
8773
10682
8596
7508
11294
7865
11040
16603
12371
1046
3534
5821
468
11447
11954
15803
1444
10304
8708
7032
5935
365
12504
11969
8798
3044
16793
3106
15867
12877
6568
2629
5803
16012
9042
441
12766
4465
9471
2239
2008
11375
14691
14671
4705
3687
616
5810
11752
16461
10205
17151
1810
17084
13441
6453
10159
13483
9466
4836
1951
1445
9945
15757
3835
12830
11569
3322
4028
3926
17258
9668
15448
9841
15540
14014
17086
6440
9457
11671
16749
7914
1104
7669
5903
11712
10905
11378
12979
1360
16376
3503
4326
1389
5730
5050
10523
7142
3684
15259
1470
8440
8615
11779
9857
13447
3104
4303
4856
5932
1110
6484
8396
14305
4195
16141
1368
9147
1489
14381
5860
6350
6836
16684
4744
11350
995
16273
8126
6816
8558
2681
11134
12956
9624
7132
5336
10910
16493
6811
2928
408
13434
2410
13650
1803
15159
2832
3084
13966
11198
5887
8956
4996
15238
11050
10675
1561
9719
12103
14669
16208
3902
12228
9547
5190
6936
7744
5574
12063
353
15120
16261
14403
3312
15772
8536
4119
5213
455
14204
708
11763
15724
1497
12997
12270
2725
2603
13662
1405
12194
14001
4889
213
16779
14755
15094
8059
11395
11334
8116
13938
8401
1058
8128
9385
13864
5434
5834
9919
523
3591
3150
10748
14751
9698
4246
868
8186
5723
6624
17178
6868
3732
12824
679
15974
15272
5673
6806
3450
5812
1239
11032
16312
12240
10728
13169
1474
3268
7173
4486
14194
4883
12157
4838
4321
7102
2347
6410
638
14145
12473
10162
3741
922
10119
6899
8872
9768
11508
10017
2953
13117
2230
8677
4530
13404
15598
16244
4949
3702
2094
9096
10613
10702
1697
9293
7515
7871
7638
53
9458
6395
5020
2255
5516
12070
11049
10111
17202
1711
7125
8502
8745
11346
13096
7271
7608
354
17364
11609
2219
7202
12801
10277
9297
17367
1898
10275
6951
5298
400
8814
9513
16891
13881
16964
9951
13390
9180
10943
6537
14425
14748
4210
8844
10643
12931
7485
7771
2408
3416
16340
3425
15746
8941
7979
4504
17133
12269
5524
706
2005
1077
15118
15547
6008
13985
13996
3421
9448
2477
17197
12028
10191
13710
13721
3045
2099
9899
2809
5223
15820
17234
2523
3823
7493
16718
15793
17241
4163
7307
9972
7957
2409
1366
4453
3579
11947
13570
14606
4181
12600
248
14071
15034
15164
1780
1335
8904
11517
17125
16128
15993
809
3592
8916
11582
501
12597
11475
5511
6093
8019
6040
15751
11798
2941
1068
5695
15495
14829
14048
12656
10860
1576
1641
3802
7631
9191
14742
3836
8618
7370
16211
5418
11562
3746
1199
4844
9089
2208
10026
10699
4781
12478
4843
4317
7207
1009
1787
1412
10276
7590
7728
11753
13789
4783
1385
7524
15419
4224
9463
5117
1639
7932
14322
15017
16561
3495
11770
12162
5328
6112
11467
2116
3985
2624
4932
11287
6642
12374
1439
6826
13579
10036
8374
12670
2844
12329
15367
5791
17117
13869
12994
1423
28
15324
11759
3145
2254
16682
5870
14842
2969
2992
15483
1757
15806
4553
358
15582
14727
10264
9094
9121
2979
8855
3665
13820
8120
482
3393
1723
8903
10071
7791
4662
2816
6962
15390
3582
17240
4619
14061
3555
11688
14432
5626
421
5671
12675
11683
2960
6120
8959
753
6985
8864
11940
13765
14525
12248
11733
5734
13473
3915
2878
1404
2896
14110
8990
857
13935
8232
3917
7447
13213
3111
6280
5246
11027
14675
9695
16971
4679
6813
16233
16210
2651
4468
5169
13830
11513
16687
14018
3693
13781
13814
9246
2974
14047
7047
15695
7738
9714
12975
11369
7670
10142
197
6885
13043
16730
672
3489
2575
10496
9422
3969
3229
14679
10806
3179
3892
2842
15095
17290
14807
615
17312
7359
6833
7163
12171
7742
3548
8786
15057
9722
9985
8047
853
4010
478
15497
10379
5376
10184
13675
8810
7916
1324
10786
8807
12657
11402
2794
7217
9097
3405
9071
11200
5537
15381
11630
8809
2324
5142
7966
17316
12259
331
11256
13072
3562
15917
13011
14404
3674
13898
2003
590
1488
8341
8093
5959
1801
11520
14208
16356
3095
12380
11669
11232
11978
17222
6817
5060
4489
516
12679
7036
3033
16878
8091
17224
7514
8084
5269
7910
6626
7978
16459
5751
3371
2750
946
16719
5748
10658
4784
4788
1305
4385
9152
17338
7371
4062
8697
8665
16010
5435
61
8559
3141
15133
323
4928
6854
1907
14972
934
7883
9216
11268
2415
11878
15767
15470
12856
8781
6662
3512
4686
16795
11634
9336
721
17134
5234
15293
17190
16513
12546
1991
16103
7869
8695
14731
17254
2344
12875
8758
5478
14716
8203
8845
2807
15904
14568
16588
10226
19
13238
13777
4292
10474
4229
14466
6845
4417
6262
3721
6405
6742
2659
13193
13457
9831
14177
15145
9443
9889
4325
9248
11055
11996
2370
13274
11577
14536
2069
4675
15693
1860
9456
12402
11002
13148
13978
12095
1190
943
11905
7789
4322
1557
3871
4113
14719
12203
10530
6708
145
11117
11446
9921
15462
4514
8880
5084
16796
1062
9142
8765
6818
6716
6373
2540
86
3606
3052
6124
3475
10679
288
8669
16198
1300
5954
10789
5383
12246
12710
6735
7895
16288
14429
10473
13470
998
8508
6809
4023
6000
9127
9588
5388
8849
9702
16775
6702
15559
13718
838
10935
5600
6401
2541
4961
11388
17228
7437
2906
14239
16029
12537
11240
3001
9305
8497
4369
16826
9289
13164
15890
4154
14143
3561
9896
4205
781
17042
9637
6359
8284
4262
3748
13775
8140
13870
3867
10678
10121
9758
12522
2018
5869
8797
13185
3362
17272
961
8658
3031
16936
7480
7736
15860
8795
9461
17250
659
4633
4916
2748
11825
13408
16235
8489
6779
6463
17265
15426
8530
10013
12935
15166
8424
389
13190
3521
8628
7464
8197
5497
10352
7547
17136
10349
3082
583
16053
2882
3058
5379
14463
6587
1719
12952
11237
7234
16269
4739
4666
13358
3107
7517
6506
10887
7748
1618
7130
7176
3
17180
2771
5085
8498
10
10254
10949
1426
6276
10244
12970
13876
10665
9280
16407
8524
4646
4569
10086
160
8651
3199
7964
8976
16199
16351
15280
8698
6431
2961
12550
6569
8043
16020
10185
7743
6130
7509
12578
11596
12139
9240
15262
1092
3649
12219
6172
13037
6679
2557
10306
2236
9986
12507
3452
9434
10028
14994
835
9693
17064
11516
11979
14642
13417
12884
14300
4854
6026
8846
16302
6159
16517
4839
13295
8974
13167
251
11448
9954
6532
16654
2452
16355
7878
11728
3108
391
4660
1877
13791
8511
782
1174
4590
2736
10557
15675
10216
2439
15151
12016
3692
14526
9210
1436
177
4146
13246
1612
14641
2874
12893
