3
5
6
12
24
25
27
28
29
30
31
34
35
36
37
39
40
41
43
44
45
47
48
50
51
53
54
55
56
57
58
59
60
61
62
63
64
65
67
68
69
70
73
74
83
84
85
86
87
88
89
90
92
94
96
98
102
104
107
110
113
114
120
121
122
123
124
125
126
127
128
129
130
131
132
133
134
135
138
139
140
141
142
143
145
147
148
152
153
154
155
156
157
159
160
162
163
164
165
166
167
168
169
170
171
172
173
174
185
186
187
188
197
198
200
206
207
210
212
213
214
215
216
217
219
220
224
228
229
235
236
237
238
239
240
241
242
243
244
245
249
250
251
252
253
255
256
257
258
265
266
267
268
270
271
274
278
281
289
290
291
292
293
294
295
296
297
298
299
300
303
306
315
316
317
318
319
320
321
322
323
324
325
326
328
329
330
332
333
334
335
336
337
338
346
356
357
358
361
362
366
367
368
369
381
396
397
398
399
400
401
402
403
404
405
406
408
409
410
411
412
413
414
415
416
417
418
420
421
422
423
424
425
427
428
429
430
431
453
454
455
456
466
467
478
479
480
481
502
504
505
513
514
515
516
517
518
519
520
521
522
523
524
525
526
529
530
531
534
535
536
537
538
539
540
541
543
544
545
546
547
549
550
551
552
563
564
567
570
573
578
579
580
581
582
583
584
586
587
588
594
595
596
597
598
599
600
602
603
604
605
607
609
610
611
612
614
615
619
620
622
623
624
625
628
629
630
631
632
634
635
637
652
654
656
658
659
660
661
663
667
668
669
670
671
672
673
674
675
676
677
678
679
680
698
700
701
702
703
704
705
707
713
717
718
719
721
725
726
727
728
729
731
733
739
745
747
748
749
750
751
752
756
758
762
768
769
770
771
774
777
781
782
783
784
785
786
787
788
790
792
793
795
796
798
799
800
805
807
808
810
811
812
813
814
815
816
838
839
852
855
880
881
882
883
884
885
886
897
898
899
900
901
902
903
904
910
914
918
919
920
921
925
929
930
931
932
933
934
935
937
938
939
940
946
947
948
949
950
951
952
953
954
955
956
957
961
963
964
965
971
972
973
974
976
977
978
979
980
983
988
989
990
991
992
993
994
995
996
997
1002
1003
1006
1007
1009
1010
1011
1012
1013
1014
1015
1016
1017
1018
1019
1020
1021
1022
1023
1024
1028
1029
1030
1031
1032
1033
1034
1035
1036
1037
1044
1045
1047
1048
1049
1050
1054
1056
1057
1058
1059
1060
1061
1064
1065
1066
1067
1068
1069
1070
1071
1072
1073
1074
1083
1084
1085
1086
1093
1094
1095
1096
1097
1098
1099
1111
1113
1114
1115
1116
1117
1118
1119
1120
1121
1122
1123
1124
1125
1126
1127
1128
1129
1132
1133
1134
1135
1136
1137
1138
1139
1140
1141
1142
1143
1144
1145
1146
1147
1148
1149
1150
1151
1152
1160
1161
1163
1167
1172
1174
1176
1180
1181
1182
1183
1184
1186
1197
1198
1199
1200
1201
1202
1208
1212
1213
1215
1221
1222
1223
1230
1238
1239
1241
1242
1246
1247
1248
1249
1250
1251
1252
1254
1255
1261
1270
1271
1275
1276
1281
1284
1286
1287
1290
1292
1293
1294
1295
1296
1299
1300
1304
1305
1306
1307
1308
1309
1310
1311
1312
1313
1314
1315
1316
1317
1318
1319
1326
1328
1329
1331
1332
1333
1334
1336
1337
1338
1339
1340
1341
1342
1343
1344
1351
1357
1359
1360
1361
1362
1363
1366
1367
1368
1369
1371
1382
1383
1385
1386
1388
1389
1390
1391
1396
1397
1398
1402
1403
1405
1407
1408
1409
1410
1411
1417
1418
1420
1421
1429
1430
1431
1432
1433
1434
1435
1436
1437
1438
1439
1440
1441
1442
1443
1445
1457
1458
1460
1461
1464
1470
1478
1483
1484
1488
1489
1490
1491
1492
1493
1494
1495
1496
1497
1498
1499
1500
1501
1502
1503
1504
1508
1509
1510
1514
1515
1516
1518
1521
1522
1523
1524
1525
1526
1529
1530
1531
1541
1547
1552
1553
1554
1555
1557
1558
1559
1560
1561
1562
1563
1564
1565
1566
1567
1568
1569
1570
1571
1574
1575
1576
1577
1579
1580
1581
1582
1583
1584
1585
1587
1589
1597
1598
1600
1601
1602
1603
1604
1605
1606
1607
1608
1609
1610
1616
1617
1624
1625
1626
1627
1632
1636
1637
1638
1639
1647
1648
1649
1650
1651
1652
1653
1654
1655
1656
1657
1659
1660
1661
1666
1667
1668
1669
1670
1671
1676
1677
1678
1680
1681
1682
1683
1684
1685
1686
1688
1693
1696
1697
1698
1699
1700
1701
1702
1703
1704
1706
1707
1708
1709
1710
1711
1712
1713
1715
1716
1717
1728
1729
1730
1731
1732
1733
1734
1735
1736
1737
1738
1739
1740
1741
1742
1743
1744
1745
1746
1755
1757
1759
1760
1762
1763
1764
1770
1771
1772
1773
1779
1780
1781
1784
1791
1793
1794
1795
1796
1797
1798
1808
1809
1810
1811
1812
1817
1818
1819
1820
1821
1822
1823
1825
1826
1827
1828
1829
1830
1831
1832
1833
1834
1835
1840
1841
1842
1843
1844
1846
1851
1853
1855
1857
1860
1861
1867
1871
1872
1873
1874
1875
1876
1877
1878
1879
1880
1881
1882
1883
1885
1890
1891
1892
1893
1894
1895
1896
1897
1898
1899
1906
1908
1909
1910
1911
1921
1938
1939
1940
1941
1942
1943
1944
1945
1946
1947
1948
1949
1950
1954
1955
1956
1957
1958
1959
1960
1961
1962
1963
1964
1965
1966
1967
1968
1969
1970
1971
1985
1986
1987
1989
1990
1991
1992
1993
1994
1996
1997
1998
1999
2000
2001
2002
2003
2006
2007
2008
2009
2010
2011
2012
2013
2014
2015
2019
2027
2028
2029
2031
2032
2033
2034
2037
2043
2044
2050
2051
2052
2053
2054
2055
2056
2057
2058
2059
2060
2061
2066
2067
2068
2069
2070
2071
2072
2073
2074
2081
2082
2083
2084
2085
2086
2087
2088
2089
2090
2091
2097
2099
2100
2101
2102
2103
2109
2110
2111
2112
2113
2114
2115
2116
2117
2118
2119
2120
2121
2122
2123
2124
2125
2126
2127
2128
2129
2130
2131
2132
2133
2134
2136
2137
2138
2139
2140
2141
2142
2143
2144
2146
2157
2158
2159
2160
2162
2163
2164
2165
2166
2167
2168
2169
2170
2171
2172
2173
2174
2175
2176
2177
2179
2180
2187
2188
2189
2190
2191
2192
2193
2194
2195
2196
2198
2199
2200
2202
2204
2207
2208
2209
2210
2211
2212
2213
2215
2216
2217
2218
2221
2222
2243
2245
2246
2248
2249
2250
2251
2252
2254
2255
2274
2275
2276
2279
2281
2291
2292
2293
2294
2295
2296
2297
2298
2306
2309
2311
2312
2313
2314
2315
2316
2317
2318
2319
2320
2321
2322
2323
2324
2325
2327
2328
2329
2330
2331
2332
2333
2334
2335
2336
2337
2338
2340
2341
2342
2348
2349
2350
2351
2352
2353
2354
2356
2359
2360
2362
2363
2364
2366
2367
2368
2369
2370
2371
2374
2375
2378
2399
2400
2401
2402
2403
2404
2405
2408
2411
2413
2414
2415
2416
2417
2419
2420
2421
2422
2423
2424
2425
2426
2429
2434
2436
2437
2438
2439
2441
2442
2444
2445
2446
2448
2449
2450
2455
2456
2457
2458
2463
2464
2465
2466
2467
2468
2469
2470
2471
2472
2474
2475
2476
2477
2485
2486
2487
2488
2490
2493
2495
2497
2498
2499
2503
2507
2508
2509
2510
2511
2512
2513
2514
2515
2516
2518
2522
2523
2524
2526
2527
2528
2529
2530
2531
2532
2534
2535
2536
2537
2538
2539
2540
2545
2548
2549
2551
2552
2555
2556
2557
2558
2559
2560
2561
2562
2563
2564
2570
2571
2572
2573
2574
2589
2590
2591
2593
2594
2595
2596
2597
2598
2599
2600
2601
2602
2604
2605
2607
2609
2610
2611
2612
2613
2614
2615
2620
2624
2625
2626
2628
2629
2630
2631
2632
2633
2634
2636
2637
2638
2639
2640
2641
2642
2643
2644
2654
2655
2656
2657
2658
2659
2660
2661
2662
2663
2664
2665
2666
2667
2668
2669
2671
2672
2673
2679
2680
2681
2682
2683
2684
