1044
29
785
1810
1290
2481
985
1107
1583
115
616
225
1127
116
426
1188
1654
914
931
1479
237
887
1369
2221
1053
2858
1844
530
98
189
2540
147
2611
2506
1156
334
1670
2788
1983
1348
2445
780
2844
2816
10
773
718
328
2037
1067
2777
858
1969
1512
203
182
1950
355
105
423
641
1259
309
1664
903
1406
2270
1676
1523
2044
385
153
417
781
2148
1857
1289
2080
1249
490
626
1299
1935
1567
606
2753
1764
1052
1339
529
219
2841
134
1411
23
260
551
344
1637
269
2689
1439
1064
382
2474
642
1386
403
1470
1205
294
2005
2217
2123
1505
1722
2851
927
500
1287
1881
2503
1834
1612
124
1480
2713
969
1684
1346
1530
1808
2759
299
956
1158
742
1058
1283
1111
1432
229
1962
716
2125
891
1898
259
2284
1043
2160
2033
515
408
561
1941
2747
2166
564
752
1633
1012
1384
2096
900
349
784
411
2213
2070
999
2869
652
302
1089
2227
2722
753
1193
709
1025
2453
2530
2781
1113
291
1157
771
356
805
699
2827
1886
442
2309
2252
228
2341
1265
1360
1999
1240
1590
2797
1506
1726
1054
955
567
1755
2768
438
2061
71
1499
669
205
2507
547
1666
2469
1770
2595
459
635
704
1314
1022
247
686
1806
967
646
249
2792
2248
2694
1104
2457
342
452
221
2779
2088
1614
599
1298
2762
117
1779
542
2763
751
647
2272
1565
2418
2429
743
1311
258
2288
1730
533
534
1704
2569
1711
962
1809
881
1840
2114
1056
2832
996
2368
595
2725
733
1414
1378
1836
2487
384
1291
2426
1176
986
1409
496
321
138
1248
1542
2323
1541
1059
2563
834
435
367
2328
2836
1228
1516
2019
2649
2674
362
434
257
2098
316
231
2058
1391
726
2281
791
1122
2326
2773
2632
638
386
450
1207
1181
110
2256
1450
2095
1451
176
2338
519
1495
1431
1866
2571
1254
1594
786
487
2775
2228
2479
463
1718
936
388
591
2628
63
2071
1883
664
2710
1065
1221
1695
264
706
2802
1301
2842
381
807
1792
1026
2477
151
1247
1698
2686
1185
167
2401
605
168
1404
2643
15
2207
2184
883
1936
2302
121
632
65
798
1013
322
2232
2381
1121
1864
44
2509
1601
688
1638
1538
1292
2262
2650
828
1739
1588
2472
585
536
416
947
1087
317
2185
1762
2606
2345
2304
1893
1577
1953
1055
1423
1048
1869
2672
2620
1237
935
1267
1993
1804
978
1661
940
562
973
2761
731
1528
1709
2376
1746
1662
2631
583
310
2705
2357
1444
1897
2879
472
1895
1401
981
343
1180
1011
663
2498
957
2885
2778
898
650
510
2099
1216
2104
1631
2269
1727
483
2076
2489
1825
329
2678
107
2079
1276
627
656
2575
2764
1970
2315
1148
672
1934
1046
1197
31
1344
1481
1732
1653
242
1997
2056
2704
1498
2436
2093
2492
1142
2821
2444
2597
1665
428
230
1816
2435
2353
2765
1688
1309
2225
2603
1582
54
2303
2446
1527
2574
171
2295
1724
1553
2638
2677
1303
719
1135
1204
1625
2131
1390
130
2021
919
888
934
2102
2596
654
2683
270
1949
2169
2745
917
821
1540
503
1337
1396
1694
469
455
1794
2305
2811
1426
2455
1639
2395
85
2243
1112
1139
1963
1591
2555
2313
1853
414
532
1131
1828
2007
1262
191
2839
376
1931
440
580
75
345
1394
2807
1417
2267
2600
337
789
1047
610
290
12
36
679
815
338
2708
1649
974
141
2276
800
1410
353
1243
1478
289
2359
528
16
945
845
339
1361
2340
238
198
1266
2352
774
2589
2659
1917
2187
1618
2793
918
2124
1288
2757
1215
275
1973
729
1367
687
2130
2004
1273
526
1231
1338
995
619
2413
1629
1622
965
1167
2201
318
2366
493
1725
1630
174
724
937
2750
708
2561
2173
2508
1980
1062
1849
2432
1988
2350
1418
2439
925
175
1761
1098
432
1173
433
1611
1308
2067
2791
1617
2120
445
1042
2287
2397
1383
282
587
1964
489
737
1483
2875
1671
1051
2806
1014
2464
762
696
2505
2006
589
366
27
859
576
1263
57
2554
2077
1584
2145
42
2679
1403
1235
685
1069
636
2743
1952
474
1775
1800
1656
2292
2008
772
1434
498
1919
1686
777
2419
114
232
2618
2789
272
1904
2126
2749
1293
28
1472
2706
863
2729
1642
399
279
1359
2854
1651
1767
2605
1211
1446
851
68
1345
1994
2886
2332
190
2478
1913
2667
2420
2586
1920
91
2414
2656
1132
1493
2191
2205
1268
2078
2594
1099
2846
1222
836
301
2834
95
1598
2634
480
2848
1327
103
2279
2242
2101
1160
1831
166
1699
560
568
336
2168
723
913
1208
413
1017
801
631
2541
775
405
939
2314
2029
2739
2014
223
1616
363
1799
152
1389
2043
746
1551
348
2818
2073
1
2504
1440
912
1623
288
1492
2013
1147
55
2047
2289
613
1286
1769
2355
1990
1428
1006
2089
730
2513
1906
588
1490
841
521
2724
2202
1421
2688
2091
2782
1019
1313
1165
331
1888
989
983
795
2162
1330
2835
2537
1381
250
2214
2204
2470
2393
1029
1996
401
2236
244
118
48
880
1435
1925
2369
2109
1371
320
2573
1023
177
2787
819
2158
509
1737
2640
853
1260
1823
1146
1815
1447
658
2873
251
352
2222
197
2517
1604
2604
2476
1971
1191
1080
843
2329
549
2721
1224
2090
1872
383
930
548
2438
1867
1467
2430
2200
183
2820
1974
924
5
104
2511
0
569
2685
425
201
208
584
106
1674
1280
1607
211
1772
2306
1589
1212
2639
871
2348
950
2449
1750
368
1534
1356
1105
2152
582
2583
84
1136
2425
552
2655
1778
861
899
1914
2519
1217
2402
1010
2032
173
1669
2017
1579
878
1918
951
740
971
90
624
2810
838
2023
1264
371
1079
1358
1703
499
980
1696
1465
511
1773
2709
1329
929
1992
1790
30
1533
1562
1978
374
1321
710
2565
361
2011
2662
1442
391
1297
811
2695
1532
2255
823
2052
661
341
1110
443
2403
277
1324
1050
1928
1942
2226
958
701
1626
462
415
2627
1161
149
1407
2406
1645
1786
2707
1246
73
2234
1295
920
1007
398
2156
2016
2663
159
1749
910
2378
19
741
1572
1855
1706
2412
1812
365
1735
2351
2510
2670
2538
682
1783
56
648
946
1923
93
2264
1689
123
1166
207
830
739
571
2282
1658
644
113
592
540
1710
2461
1995
97
1302
1463
2139
2774
1870
1861
886
494
1984
952
1365
970
1083
1134
248
2831
625
1076
326
545
2567
1117
963
354
904
928
808
2022
2614
51
2072
1966
1833
941
139
2766
1419
825
359
2758
2382
165
1525
2468
1187
287
2865
531
335
2715
427
2322
683
185
954
1702
497
1335
2814
2154
66
400
2617
555
932
629
1736
26
1282
1097
1552
372
2730
2527
1805
1453
2727
268
2046
1563
2738
864
538
2316
1535
598
389
4
2698
553
2339
1225
2813
1271
1636
725
882
2136
402
2075
657
1811
1354
2224
670
1596
2562
1294
70
1520
2057
1873
2159
1162
102
1036
256
170
2360
2744
906
2115
1592
885
747
2529
1587
2566
2550
1153
137
860
1177
193
2092
2644
1355
2064
111
1782
1140
1819
2030
2175
2320
1252
241
728
2579
1199
1471
2737
204
565
1693
2524
1547
1729
2801
143
2193
2112
89
2235
1511
2349
1380
447
2812
1045
2085
792
2347
2298
2110
988
2182
2772
671
770
1364
1372
2543
2331
1149
2297
755
2720
711
2249
1780
586
2559
1785
2238
1086
1070
101
1016
298
199
837
1073
2151
1066
479
1536
602
1748
1521
396
2164
492
330
267
1306
573
49
2754
64
2383
1610
40
2462
2054
1242
9
1958
2398
566
8
2824
2129
1457
69
873
1620
623
2196
2736
181
1599
1178
47
2714
1005
766
1545
2684
1125
2578
712
154
1705
180
2041
2616
261
1370
790
2544
984
216
1715
1164
2863
2473
960
1967
67
546
2681
2319
2140
1304
697
1487
2833
842
1517
1546
1876
1474
1092
96
2880
1847
1151
1766
1863
2241
1169
968
1697
347
2608
1640
2138
2119
2440
308
630
2607
1133
2311
2633
2653
2717
2488
2853
1943
1798
2450
1387
893
2375
1198
816
2261
639
2557
161
684
2428
901
235
1740
2335
2621
164
188
482
977
1717
1841
2253
146
1398
1956
581
1296
1323
2798
2121
2333
1322
314
2733
380
2427
169
943
22
2887
2803
1145
2582
2422
1668
395
45
1270
767
209
2819
285
246
265
2271
486
142
2456
2697
2404
1342
1880
390
1678
525
1752
2829
761
1172
1677
738
2423
667
2535
1020
2587
2153
1039
2367
1927
1143
1318
1657
1793
1556
1903
2785
2133
2325
2211
178
2280
1743
2502
1312
666
1566
2387
1375
2658
157
993
108
222
2194
41
874
1714
2146
1352
2203
1713
1128
1554
2246
608
868
1529
2671
1830
2612
1568
1494
2105
517
200
1049
2843
431
2010
2515
2399
43
1745
2009
1518
1449
1460
2346
471
210
1400
1827
2691
2882
2577
464
78
1325
420
2167
1003
1581
2522
933
1801
1462
379
835
824
2493
799
2285
2034
1557
2716
1088
732
202
916
2144
1184
1244
1573
2528
80
1756
2147
377
2274
1482
195
88
948
1606
2181
1229
2443
717
614
1119
611
2830
370
2877
2460
2564
1910
1001
1882
1219
1071
1336
721
2734
1514
1921
2415
847
1115
2301
1382
1124
949
2265
2312
976
1784
814
92
1753
2645
1909
972
263
1818
184
944
1795
677
852
987
921
2568
315
323
537
832
1195
2179
1555
508
2233
1004
2336
2593
675
1021
475
2484
2039
1034
1129
1068
1982
1515
1126
2591
1692
702
2310
593
2394
1889
691
1174
559
2066
1456
1759
2408
133
1399
1986
1742
24
2501
2546
2870
1634
1824
570
501
2020
140
2804
2229
1300
2539
2613
1277
82
2642
2283
1279
419
2344
1230
1503
2615
1072
2534
2094
622
1473
1734
1603
1586
1461
905
1902
1644
2808
2388
1116
1842
1915
734
1789
890
312
875
2035
358
2794
2028
2864
466
535
1436
436
590
827
714
373
1085
1508
2062
1452
1663
2871
822
779
1513
2868
554
1627
1570
764
2857
1078
295
676
2165
621
1856
2654
2363
213
2845
2799
692
982
1539
2755
360
430
2051
1744
2815
516
2197
1441
2532
2486
332
1424
1114
220
2861
865
2183
1332
1245
2416
1186
2497
253
1090
461
575
1954
1660
2025
1238
953
713
991
2500
2215
2664
2665
855
1063
1655
1159
1690
1351
1093
1455
325
1253
2318
2424
2752
1175
1402
1182
1377
1896
2731
122
1272
286
1576
1558
2767
2155
857
2676
306
1802
520
1985
1912
25
2735
2026
892
136
2117
2452
1202
1275
1220
1850
911
2195
155
266
722
1854
239
162
1526
192
902
224
908
2718
1491
2548
467
1366
1138
1096
877
820
72
1241
150
1561
457
2560
1707
2637
2254
2257
876
1035
2823
2771
964
749
2069
979
1170
2692
444
2475
2496
1429
557
1911
2286
2636
2609
454
160
1965
1685
1130
2726
2337
1343
1922
1466
1408
1257
527
218
125
2556
1192
1171
74
1223
2389
574
2000
1075
1741
2516
32
2860
94
2219
1879
757
2060
1469
2884
504
1560
2245
392
1485
2237
156
296
1030
1763
2250
1027
1281
1575
869
1796
1975
1977
2675
1987
2358
387
2361
1905
778
1721
1641
2682
1497
1024
1060
2740
2031
1700
206
2050
126
1948
1251
1564
1349
2157
1874
695
2291
404
2584
1807
2837
1615
2100
601
2442
2212
1959
1580
1938
2822
2447
2590
1860
558
1524
2746
2190
2657
50
1179
2547
1363
2466
769
1957
460
715
680
1213
856
196
1168
2711
163
2784
522
2149
61
1420
2703
254
2001
81
645
2480
2622
1500
2218
2610
1891
1826
2881
2132
2172
2585
1109
975
2660
896
1284
2531
1776
179
2723
1317
2647
637
424
1832
577
60
844
245
46
634
1788
1144
2533
867
2409
1733
2206
2680
1728
2581
240
922
1757
33
850
1305
484
2373
39
52
1862
2277
2327
2417
1632
1851
1774
2701
1141
1255
1846
689
2862
2377
2580
2780
707
276
2275
1504
1559
2273
2572
58
2866
1437
227
759
512
1250
1405
2732
2390
810
2223
2826
441
311
100
756
2208
448
1781
1190
609
2648
2370
422
907
703
1574
378
1226
217
2495
1708
1258
1353
2251
412
776
1416
2266
1820
1448
2625
1183
1015
281
2127
2700
541
1720
615
1031
2392
449
2317
393
797
2690
2748
406
665
271
2239
1848
1041
1095
760
673
2499
1486
1388
1647
76
1944
1687
2407
2635
572
132
848
620
1326
2258
1731
1507
596
1989
233
99
2081
1037
109
2300
1945
305
255
2699
1937
2307
2558
727
2356
2171
1002
2458
307
1976
2551
524
1397
2494
2712
2471
2518
252
2042
1150
1955
793
959
1334
1227
2385
2756
2525
2491
1946
278
1887
1754
1723
59
319
1537
2330
2878
2666
923
476
884
2354
1605
1621
607
2209
2646
2198
1232
2107
578
2770
1771
1341
2038
1278
2192
2384
640
966
1600
3
831
