1025
1208
1055
367
815
372
573
1186
1590
1841
1023
1970
1851
718
23
1059
1733
1596
753
503
1489
1857
1746
426
771
75
259
654
656
1611
585
648
774
1706
1766
27
396
1284
1622
1709
1304
584
702
565
483
821
1677
176
391
149
808
1870
701
1618
1886
789
269
452
1656
583
728
1724
932
1710
1352
1070
1780
708
411
1583
1398
1844
268
1558
1786
1973
1299
321
124
1614
1087
1888
1176
463
724
1336
1326
948
1840
107
667
402
511
1826
1855
28
1078
1950
731
1168
493
984
1542
1816
134
56
595
1149
1961
450
1266
110
1512
191
1604
1386
1980
322
1942
1498
1303
1097
1325
1761
936
1092
225
1056
1432
1121
1341
1436
345
1923
741
207
1180
608
1420
1728
57
103
650
581
416
1129
919
1722
31
19
853
1046
1675
1058
682
1382
190
1767
567
1511
1440
1387
1021
1580
1741
834
589
510
336
1035
1717
679
641
1311
1796
1215
1255
1197
264
629
1469
1369
289
1370
1219
231
71
334
740
1330
931
247
767
638
1983
1858
1479
1657
1411
198
287
1080
447
911
825
1626
983
1690
310
173
779
201
1538
1272
1473
1047
721
947
1669
957
256
827
1922
1134
1600
1822
1839
1518
606
1992
686
382
723
12
1417
170
1568
1119
542
1139
1332
427
1089
1514
555
408
560
1806
1989
371
624
354
137
725
1866
1161
153
277
1222
786
1426
1339
538
1940
860
223
116
1707
97
1007
355
1772
228
1012
241
635
1933
193
1977
1195
204
1988
568
1259
1852
143
1173
1416
1731
951
1953
492
1725
548
1966
1235
250
1048
85
1856
1574
571
1231
1943
1653
1399
1790
953
139
775
1112
1842
979
1606
904
433
341
976
1964
1878
1616
1287
790
1294
1861
1006
1555
865
1587
42
777
874
1065
599
1429
275
244
329
413
267
1207
755
1956
875
616
40
152
1809
1882
203
9
1685
1612
423
1107
1821
459
1068
1135
859
1907
414
111
30
29
1481
1148
368
1359
1408
1160
602
1698
1925
1030
906
868
1536
101
399
365
877
320
902
154
671
1862
1010
1535
1181
261
1803
1700
647
1443
807
711
1541
1001
687
1260
916
532
1159
1584
1975
1153
1683
632
1053
1302
185
996
330
249
232
356
487
1998
709
1734
96
644
1237
474
1483
1777
1935
361
1060
901
1485
347
888
1309
1073
766
159
290
1664
1290
1753
941
1539
1702
1389
1366
521
118
798
1171
1192
1246
1585
258
999
851
401
1884
630
1128
964
832
1410
1646
1253
1447
1478
1043
174
1308
811
1569
1979
1355
991
1776
883
238
1807
1230
1242
67
784
164
188
592
1958
625
1636
270
1757
1563
1407
482
1948
1064
1764
374
363
1723
1052
1865
1424
216
272
1188
642
299
1941
1771
1532
298
1016
1794
509
380
169
22
499
561
1996
121
395
45
529
209
1572
285
1291
265
349
1295
142
1452
1744
1378
318
838
390
525
726
1026
1872
1696
434
1132
1388
1880
1704
1115
652
1559
1581
1854
117
1620
1513
805
588
970
288
1504
1607
398
157
108
222
845
41
1885
328
1184
1938
104
530
1471
1627
1211
1593
1660
517
200
837
1475
819
1042
519
1588
43
785
1414
494
425
751
1718
1687
210
376
1251
773
1991
1529
746
78
301
420
1982
891
545
1756
438
1254
977
533
949
64
202
480
1224
1314
549
1286
1597
730
669
377
1011
1345
646
88
1905
1921
1645
205
1441
614
1883
611
1916
370
526
1804
344
842
939
195
47
742
1793
490
670
1523
91
892
1213
1072
1896
1554
1394
737
1903
685
263
719
1167
1949
1017
315
1506
1474
171
1158
531
508
1216
1688
675
1914
1487
1391
10
105
44
1927
1212
1876
908
1770
1125
1510
1765
1911
1976
1751
1225
559
432
1658
133
1589
1834
24
1400
900
1599
610
791
570
501
1334
1344
626
302
1122
1999
801
82
1873
1337
1920
972
1257
479
1632
48
1104
622
1182
710
1264
562
1605
857
1850
1270
309
92
1570
1676
734
1437
312
1364
1039
1617
971
925
1694
1221
1162
436
590
973
1383
1960
1727
1492
1375
1143
1245
489
1582
1697
1133
546
764
4
54
1610
958
1085
1830
816
165
1349
213
1086
1448
692
515
1491
360
430
1449
1517
1897
516
696
1659
1075
688
1044
1296
90
1828
308
221
880
858
747
1335
66
1637
1537
903
636
968
1684
713
1198
1695
1641
1571
631
1818
1354
1268
69
431
965
229
1301
1421
1138
1348
1156
1810
353
946
1759
1293
1868
552
534
16
381
843
306
950
520
1005
1109
25
1199
969
1029
733
178
1651
927
1460
1363
993
266
1787
830
239
1915
886
1929
224
864
1494
467
342
114
943
820
72
1157
1277
537
457
1351
683
1564
962
373
876
1668
1243
1519
1565
917
146
1739
444
1486
472
405
557
1817
1271
291
982
454
160
981
661
106
1779
814
1267
898
1789
384
1324
527
218
125
841
1792
147
1881
1142
237
574
945
51
717
32
1179
1390
1265
1553
1963
1495
1111
1174
1939
536
913
1833
461
156
296
1601
739
1151
1288
257
551
869
772
1715
1788
1022
1126
1782
1465
697
1945
1405
1805
1566
1892
1837
1521
1240
995
1737
924
1130
540
325
1036
1093
695
1273
404
1634
1365
714
591
1067
1105
440
1528
935
1815
914
1906
177
1838
836
558
500
389
8
1686
50
279
155
208
1049
704
569
980
84
339
1027
1898
1003
769
933
1185
1141
960
824
1166
680
890
189
954
417
1877
856
1867
1586
1827
863
387
822
163
166
522
1127
61
136
254
81
1917
645
1633
576
1908
1638
1183
1258
1969
1625
1623
770
1798
445
929
219
167
1463
1775
1350
882
1981
1507
975
1289
896
1396
619
179
1774
637
732
424
910
577
1630
893
580
844
73
1083
462
1404
46
1575
800
634
963
98
1540
1543
1140
1937
1557
1187
1720
1644
240
1714
1144
1220
1170
484
587
1661
52
197
1662
553
1530
253
359
1415
601
175
989
1615
1800
689
1045
1573
1136
861
1692
1229
985
707
1428
1131
335
1323
1096
1263
1110
1716
1431
928
921
227
1985
512
1515
1384
810
1202
1910
1472
311
100
715
1442
639
756
1190
448
1193
181
609
1674
1831
422
1624
703
907
378
217
1497
1418
664
1730
412
1824
1098
1860
180
184
366
1642
850
1887
1015
281
1994
1749
1665
1338
615
1124
1031
1034
449
1300
1358
460
797
1799
1874
1177
665
271
1223
780
956
1041
1547
1736
1649
1480
76
684
1579
986
955
572
1241
282
1654
848
620
1450
1249
1276
1955
566
596
1292
233
99
33
535
1037
109
1965
871
1297
388
255
1306
235
1482
1745
1283
672
1567
727
1250
1784
123
206
1002
1456
307
547
1791
524
799
1353
1499
1760
1470
1525
252
1217
1150
1763
959
358
1227
1377
337
1372
278
1453
623
1279
319
1312
1402
923
476
884
607
161
1672
1051
150
1232
59
1846
1066
1836
1278
455
1356
1670
966
3
831
677
1248
1318
248
812
1524
1468
305
934
543
1750
1740
743
1666
662
496
564
1454
1516
1062
987
1864
327
651
795
1457
1172
351
379
1123
392
579
1912
276
1986
1444
1819
1084
1423
58
1812
1508
1361
130
1079
1102
1033
1099
541
681
1419
211
1742
1196
140
458
1082
1275
151
418
744
600
1434
1576
666
127
1902
840
393
1103
828
1598
323
1175
978
1629
992
605
1984
1164
260
162
1689
1957
1853
428
1832
1137
1446
1640
1726
443
1778
878
26
1451
1305
236
15
1869
94
1591
1298
894
1795
112
518
1918
297
1562
338
295
1699
1823
245
1061
115
1178
1331
961
453
1310
523
1403
1577
293
1995
1894
1533
1974
1551
1527
471
7
750
230
849
1466
1732
1814
1708
1711
1374
481
539
1928
1534
1120
5
1952
1019
300
199
1201
1409
678
1971
284
918
1000
1693
421
1556
1321
1317
720
1108
37
6
937
826
1412
1281
1152
866
1904
1367
563
400
594
794
505
441
498
1962
369
1071
120
1343
1
1114
14
817
1505
62
1074
1477
187
1721
1113
1503
1430
1678
1959
1944
1018
491
513
469
1496
251
1116
855
1357
1379
1875
1362
1863
20
1376
1954
348
926
1909
333
1493
129
1214
1008
485
997
1712
1090
748
486
18
990
194
1919
700
332
1769
698
1464
735
1433
70
1783
1561
55
1592
658
1947
867
77
1256
690
1934
974
242
1639
787
35
1785
1244
598
507
1145
410
761
854
352
1057
1203
292
749
0
21
1435
1445
1932
1603
1891
1987
331
340
246
847
126
1347
397
1020
649
1069
1088
706
1285
729
1395
375
899
895
1552
470
1233
1802
633
80
1488
316
